/*--------------------------------*- C++ -*----------------------------------*\
| =========                 |                                                 |
| \\      /  F ield         | OpenFOAM: The Open Source CFD Toolbox           |
|  \\    /   O peration     | Version:  2506                                  |
|   \\  /    A nd           | Website:  www.openfoam.com                      |
|    \\/     M anipulation  |                                                 |
\*---------------------------------------------------------------------------*/
FoamFile
{
    version     2.0;
    format      ascii;
    arch        "LSB;label=32;scalar=64";
    class       regIOobject;
    location    "2/polyMesh";
    object      faceZones;
    meta
    {
        names           1 ( inner-cylinder );
    }
}
// * * * * * * * * * * * * * * * * * * * * * * * * * * * * * * * * * * * * * //

1
(inner-cylinder
{
    type            faceZone;
    faceLabels      List<label> 
296
(
2382
2388
2443
2449
2500
2506
3031
3032
3033
3038
3044
3049
3052
3087
3089
3106
3109
3147
3149
3166
3169
3209
3215
3221
3700
3706
3712
3718
3725
3728
3766
3791
3828
3853
3898
3904
3910
3915
4412
4418
4424
4430
4437
4439
4440
4475
4500
4502
4544
4569
4571
4620
4626
4632
4637
5137
5138
5144
5148
5151
5153
5154
5206
5208
5217
5221
5223
5272
5274
5283
5287
5289
5353
5359
7486
7493
7497
7504
7505
7507
7513
7517
7519
7525
7529
7541
7547
7549
7551
7554
7558
7561
7567
7571
7577
7579
7585
7588
7590
7609
7615
7618
7620
7624
7627
7633
7637
7643
7644
7649
7651
7654
7656
7667
7670
7675
7681
7684
7686
7688
7689
7701
7710
7714
7724
7732
7735
7744
7753
7755
7759
7766
7767
7770
7777
7778
7826
7844
7850
7852
7857
7864
7870
7871
7874
7880
7928
7945
7951
7956
7963
7969
7970
7973
7979
7985
7992
7999
8002
8010
8017
8020
8027
8028
8035
8038
8044
8050
8055
8057
8125
8133
8137
8145
8152
8155
8162
8170
8172
8177
8178
8184
8191
8192
8256
8261
8263
8268
8276
8282
8288
8336
8341
8346
8354
8359
8360
8366
8372
8379
8386
8389
8398
8407
8410
8418
8425
8428
8432
8437
8442
8444
8503
8511
8515
8523
8530
8533
8540
8548
8550
8554
8555
8556
8559
8567
8574
8591
8623
8624
8628
8630
8634
8635
8653
8654
8657
8664
8670
8687
8722
8723
8727
8729
8732
8733
8749
8750
8753
8755
8760
8766
8775
8782
8783
8785
8793
8800
8803
8811
8815
8816
8818
8820
8821
8822
8825
8826
8895
8908
8909
8910
8913
8932
8934
8935
8952
8953
8971
8972
8975
8992
8994
8995
9011
9012
9028
9029
9032
9034
9049
9051
9052
9054
9068
9069
)
;
    flipMap         List<bool> 
296
(
1
1
1
1
1
1
0
0
0
0
0
1
1
0
0
1
1
0
0
1
1
1
1
1
1
0
0
0
0
0
1
0
1
0
1
1
1
1
1
0
0
0
0
0
0
1
0
0
1
0
0
1
1
1
1
1
1
0
0
0
0
0
1
1
0
0
0
1
1
0
0
0
1
1
1
1
1
0
1
1
1
1
1
0
0
1
0
0
1
0
1
1
1
1
1
1
1
1
1
1
0
1
0
1
1
1
1
1
1
0
1
1
1
0
0
1
0
1
0
0
1
1
1
1
1
1
1
1
1
1
1
1
1
1
0
1
0
1
0
0
0
1
1
1
1
1
0
1
0
0
1
1
1
1
1
0
0
0
0
0
0
0
0
0
0
0
1
0
0
0
1
1
1
1
1
1
1
1
1
0
1
1
0
1
0
0
0
0
1
1
1
0
0
0
1
0
1
1
0
0
0
0
0
0
0
0
0
0
0
0
0
0
1
1
1
1
1
1
1
1
1
0
0
1
0
1
1
0
0
0
0
0
0
0
0
1
0
1
1
0
0
0
0
0
0
0
0
1
0
0
1
1
0
0
0
0
0
0
0
0
0
0
0
0
0
0
0
0
1
0
0
1
0
0
0
0
0
0
0
1
0
0
0
0
0
0
0
1
0
0
0
0
0
0
0
0
)
;
}
)

// ************************************************************************* //
