/*--------------------------------*- C++ -*----------------------------------*\
| =========                 |                                                 |
| \\      /  F ield         | OpenFOAM: The Open Source CFD Toolbox           |
|  \\    /   O peration     | Version:  2506                                  |
|   \\  /    A nd           | Website:  www.openfoam.com                      |
|    \\/     M anipulation  |                                                 |
\*---------------------------------------------------------------------------*/
FoamFile
{
    version     2.0;
    format      ascii;
    arch        "LSB;label=32;scalar=64";
    note        "nPoints:6744  nCells:4285  nFaces:15039  nInternalFaces:13260";
    class       labelList;
    location    "2/polyMesh";
    object      neighbour;
}
// * * * * * * * * * * * * * * * * * * * * * * * * * * * * * * * * * * * * * //


13260
(
2073
2074
2076
2073
2080
2081
2083
2080
3102
3103
3105
2087
2088
2090
3102
2087
2094
2095
2097
2094
3109
3110
3112
2101
2102
2104
3109
2101
2108
2109
2111
9
19
129
2108
2110
2112
2114
2116
2118
2120
3263
3264
3265
2115
2116
2118
2115
2122
2123
2125
2074
2129
2130
2132
13
23
133
2081
2082
2085
2086
2129
2131
2133
2135
14
24
134
2136
2139
2140
3103
3104
3107
3108
15
25
135
2088
2089
2092
2093
3117
3119
3121
3137
3140
3141
2095
3116
3117
3119
17
27
137
3110
3111
3114
3115
3116
3118
3120
3122
4054
4057
4058
18
28
138
2102
2103
2106
2107
3124
3126
3128
2109
3123
3124
3126
20
30
140
2143
2146
2147
3123
3125
3127
3129
21
31
141
2116
2117
2120
2121
3131
3133
3135
3739
3742
3743
2123
3130
3131
3133
23
33
143
2130
2131
2134
2135
24
34
144
2137
2139
2141
2136
2137
2139
2136
3137
3138
3140
3117
3137
3732
3733
3735
3732
4054
4055
4057
29
39
149
4054
4056
4058
4060
30
40
150
2144
2146
2148
3124
3125
3128
3129
2143
2144
2146
2143
3739
3740
3742
43
153
3131
3132
3135
3136
3739
3741
3743
3745
3746
3749
3750
34
44
154
2150
2153
2154
35
45
155
2157
2160
2161
36
46
156
2137
2138
2141
2142
37
47
157
2164
2167
2168
3138
3139
3142
3143
38
48
158
3733
3734
3737
3738
4201
4204
4205
39
49
159
4055
4056
4059
4060
40
50
160
41
51
161
3145
3147
3149
2144
3144
3145
3147
3144
3151
3152
3154
3740
3151
3746
3747
3749
2150
2151
2153
2150
2157
2158
2160
47
57
167
2157
2159
2161
2163
2165
2167
2169
2164
2165
2167
2164
4201
4202
4204
50
60
170
2192
2195
2196
4201
4203
4205
4207
51
61
171
52
62
172
53
63
173
2172
2174
2176
3145
3146
3149
3150
2171
2172
2174
3152
2171
2178
2179
2181
3747
2151
3158
3159
3161
2158
3158
3165
3166
3168
58
68
178
2186
2188
2190
3165
3167
3169
3171
2165
2185
2186
2188
2185
4061
4062
4064
4202
2192
2193
2195
4061
62
72
182
2192
2194
2196
2198
63
73
183
64
74
184
4069
4071
4073
2172
4068
4069
4071
2179
3753
3754
3756
4068
2199
2200
2202
3159
2199
2206
2207
2209
3166
69
79
189
2206
2208
2210
2212
2214
2216
2218
2186
2213
2214
2216
2213
3760
3761
3763
4062
2193
3172
3173
3175
3760
73
83
193
3172
3174
3176
3178
74
84
194
75
85
195
2221
2223
2225
2220
2221
2223
4069
2220
2227
2228
2230
3754
2200
2234
2235
2237
2207
2234
3179
3180
3182
80
90
200
3179
3181
3183
3185
81
91
201
2214
2215
2218
2219
2242
2244
2246
2241
2242
2244
3761
83
93
203
2241
2243
2245
2247
3173
3174
3177
3178
84
94
204
85
95
205
86
96
206
2249
2251
2253
2221
2248
2249
2251
2228
2248
3186
3187
3189
2235
3193
3194
3196
90
100
210
3180
3181
3184
3185
3193
3195
3197
3199
3774
3777
3778
91
101
211
2269
2272
2273
92
102
212
2276
2279
2280
3201
3203
3205
2242
3200
3201
3203
94
104
214
3200
3202
3204
3206
4208
4211
4212
95
105
215
96
106
216
97
107
217
2256
2258
2260
2290
2293
2294
2249
2255
2256
2258
2255
3187
3767
3768
3770
2262
2263
2265
3194
2262
3774
3775
3777
2269
2270
2272
3774
2269
2276
2277
2279
2276
2283
2284
2286
3201
2283
4208
4209
4211
106
116
226
3788
3791
3792
4208
4210
4212
4214
107
117
227
2291
2293
2295
3795
3798
3799
2290
2291
2293
2256
2290
3207
3208
3210
3207
3768
3781
3782
3784
111
231
2263
2264
2267
2268
2311
2312
2313
3215
3217
3219
3214
3215
3217
3775
2270
3214
3221
3222
3224
2277
3221
3228
3229
3231
2284
3228
3235
3236
3238
3235
4075
4076
4078
4209
3788
3789
3791
4075
3788
3795
3796
3798
119
239
2291
2292
2295
2296
3243
3245
3247
3795
3797
3799
3801
3837
3838
3839
3208
3242
3243
3245
241
3242
3244
3246
3248
3782
3783
3786
3787
2076
3249
3250
3252
123
133
243
2083
2084
2085
2086
3249
3251
3253
3255
124
134
244
2318
2319
2320
3105
3106
3107
3108
125
135
245
2090
2091
2092
2093
3803
3805
3807
2097
3802
3803
3805
127
137
247
2325
2326
2327
3112
3113
3114
3115
3257
3259
3261
3802
3804
3806
3808
2104
3256
3257
3259
2111
3256
3809
3810
3812
3263
3264
3266
3809
131
141
251
2118
2119
2120
2121
3263
3265
3267
3269
3319
3320
3321
3817
3819
3821
2125
3816
3817
3819
2132
3250
4082
4083
4085
134
144
254
4082
4084
4086
4088
135
145
255
136
146
256
137
147
257
3119
3120
3121
3122
3803
3804
3807
3808
138
148
258
139
149
259
3257
3258
3261
3262
140
150
260
3126
3127
3128
3129
3810
3811
3814
3815
141
151
261
3264
3265
3268
3269
142
152
262
153
263
3133
3134
3135
3136
3817
3818
3821
3822
144
154
264
2339
2340
2341
4083
4084
4087
4088
145
155
265
146
156
266
2139
2140
2141
2142
147
157
267
3140
3141
3142
3143
148
158
268
3735
3736
3737
3738
149
159
269
4057
4058
4059
4060
150
160
270
151
161
271
152
162
272
2146
2147
2148
2149
153
163
273
3742
3743
3744
3745
164
274
155
165
275
2346
2347
2348
156
166
276
157
167
277
158
168
278
159
169
279
160
170
280
161
171
281
162
172
282
163
173
283
3147
3148
3149
3150
164
174
284
3154
3155
3156
3157
175
285
2297
2300
2301
3749
3750
3751
3752
166
176
286
2153
2154
2155
2156
167
177
287
2160
2161
2162
2163
168
178
288
169
179
289
2167
2168
2169
2170
170
180
290
2353
2354
2355
4204
4205
4206
4207
171
181
291
2360
2361
2362
172
182
292
2367
2368
2369
173
183
293
174
184
294
175
185
295
2174
2175
2176
2177
2298
2300
2302
2181
2297
2298
2300
177
187
297
2374
2375
2376
3161
3162
3163
3164
178
188
298
3168
3169
3170
3171
179
189
299
180
190
300
2188
2189
2190
2191
181
191
301
2381
2382
2383
4064
4065
4066
4067
182
192
302
2195
2196
2197
2198
2388
2389
2390
183
193
303
2395
2396
2397
184
194
304
185
195
305
186
196
306
3271
3273
3275
4071
4072
4073
4074
2298
3270
3271
3273
3756
188
198
308
2202
2203
2204
2205
189
199
309
2209
2210
2211
2212
190
200
310
191
201
311
2216
2217
2218
2219
192
202
312
2402
2403
2404
3763
3764
3765
3766
193
203
313
2409
2410
2411
3175
3176
3177
3178
194
204
314
2416
2417
2418
195
205
315
196
206
316
197
207
317
2223
2224
2225
2226
2305
2307
2309
2230
2304
2305
2307
3271
199
209
319
2237
2238
2239
2240
200
210
320
3182
3183
3184
3185
201
211
321
202
212
322
203
213
323
2244
2245
2246
2247
204
214
324
205
215
325
206
216
326
207
217
327
208
218
328
2251
2252
2253
2254
3278
3280
3282
2305
3189
3277
3278
3280
210
220
330
2430
2431
2432
3196
3197
3198
3199
211
221
331
212
222
332
213
223
333
214
224
334
3203
3204
3205
3206
215
225
335
216
226
336
217
227
337
218
228
338
219
229
339
2258
2259
2260
2261
3824
3826
3828
3278
3770
3823
3824
3826
221
231
341
2265
2266
2267
2268
2311
2314
2315
222
232
342
3777
3778
3779
3780
223
233
343
2272
2273
2274
2275
224
234
344
2279
2280
2281
2282
225
235
345
2286
2287
2288
2289
3284
3287
3288
226
236
346
4211
4212
4213
4214
227
237
347
3291
3294
3295
228
238
348
229
239
349
2293
2294
2295
2296
3837
3840
3841
230
240
350
3210
3211
3212
3213
3298
3301
3302
3831
3833
3835
3784
3824
3830
3831
3833
2311
2312
2314
233
353
2311
2313
2315
2317
2437
2438
2439
3217
3218
3219
3220
234
354
3224
3225
3226
3227
235
355
3231
3232
3233
3234
3285
3287
3289
3238
3284
3285
3287
237
357
3284
3286
3288
3290
3292
3294
3296
4078
4079
4080
4081
3291
3292
3294
3791
239
359
3291
3293
3295
3297
3798
3799
3800
3801
3838
3840
3842
3837
3838
3840
3245
3298
3299
3301
3837
362
3298
3300
3302
3304
3326
3327
3328
3831
3832
3835
3836
3252
3844
3845
3847
244
254
364
2319
2321
2323
2465
2466
2467
3844
3846
3848
3850
2318
2319
2321
246
256
366
2318
2320
2322
2324
3306
3308
3310
3305
3306
3308
3805
2325
2326
2328
3305
2325
3259
3312
3313
3315
3312
3812
3851
3852
3854
2332
2333
2335
3266
3851
2332
3319
3320
3322
263
373
3319
3321
3323
3325
3819
3820
3821
3822
3845
3858
3859
3861
4085
255
265
375
3858
3860
3862
3864
256
266
376
2319
2320
2323
2324
257
267
377
258
268
378
3306
3307
3310
3311
259
269
379
2326
2327
2330
2331
260
270
380
3313
3314
3317
3318
261
271
381
3852
3853
3856
3857
262
272
382
2333
2334
2337
2338
263
273
383
3320
3321
3324
3325
274
384
2339
2340
2342
3859
266
276
386
2339
2341
2343
2345
267
277
387
268
278
388
269
279
389
270
280
390
271
281
391
272
282
392
273
283
393
274
284
394
285
395
2340
2346
2347
2349
277
287
397
2346
2348
2350
2352
278
288
398
279
289
399
280
290
400
1926
1927
1928
2353
2356
2357
281
291
401
1933
1934
1935
2360
2363
2364
282
292
402
1940
1941
1942
2367
2370
2371
283
293
403
284
294
404
285
295
405
296
406
287
297
407
2347
2348
2351
2352
2374
2377
2378
288
298
408
289
299
409
290
300
410
2354
2356
2358
2479
2480
2481
2353
2354
2356
2353
2360
2361
2363
2360
2367
2368
2370
294
304
414
2367
2369
2371
2373
2486
2487
2488
295
305
415
296
306
416
307
417
2300
2301
2302
2303
2374
2375
2377
299
309
419
2374
2376
2378
2380
300
310
420
301
311
421
2382
2384
2386
2493
2494
2495
2354
2381
2382
2384
2361
2381
2388
2389
2391
2368
2388
2395
2396
2398
305
315
425
2395
2397
2399
2401
2500
2501
2502
306
316
426
307
317
427
318
428
2423
2426
2427
3273
3274
3275
3276
309
319
429
2375
2376
2379
2380
310
320
430
311
321
431
312
322
432
2403
2405
2407
2507
2508
2509
2382
2402
2403
2405
2389
2402
2409
2410
2412
2396
2409
2416
2417
2419
316
326
436
2416
2418
2420
2422
2514
2515
2516
317
327
437
318
328
438
2424
2426
2428
2307
2423
2424
2426
320
330
440
2430
2433
2434
321
331
441
322
332
442
323
333
443
324
334
444
1947
1948
1949
2403
2404
2407
2408
325
335
445
1954
1955
1956
2410
2411
2414
2415
326
336
446
1961
1962
1963
2417
2418
2421
2422
327
337
447
328
338
448
329
339
449
3866
3868
3870
2424
3280
3865
3866
3868
2430
2431
2433
332
342
452
2430
2432
2434
2436
333
343
453
334
344
454
335
345
455
336
346
456
337
347
457
338
348
458
339
349
459
340
350
460
4090
4092
4094
3826
3866
4089
4090
4092
342
352
462
2431
2432
2435
2436
3347
3348
3349
343
353
463
2437
2440
2441
344
354
464
345
355
465
346
356
466
2444
2447
2448
347
357
467
348
358
468
2451
2454
2455
349
359
469
350
360
470
351
361
471
2458
2461
2462
362
472
3326
3329
3330
3833
3834
3835
3836
4090
4091
4094
4095
4096
4097
4098
353
473
2314
2315
2316
2317
2438
2440
2442
3872
3873
3874
2437
2438
2440
355
475
2437
2439
2441
2443
356
476
2445
2447
2449
2444
2445
2447
3287
358
478
2444
2446
2448
2450
2452
2454
2456
2451
2452
2454
3294
360
480
2451
2453
2455
2457
361
481
2459
2461
2463
3840
3841
3842
3843
2458
2459
2461
3301
2458
3326
3327
3329
3333
3334
3336
3847
2465
2466
2468
3333
2321
2465
3340
3341
3343
367
377
487
3340
3342
3344
3346
3354
3355
3356
368
378
488
3308
3309
3310
3311
369
379
489
2328
2329
2330
2331
2473
2475
2477
2472
2473
2475
3315
371
381
491
2472
2474
2476
2478
3361
3362
3363
3854
3855
3856
3857
372
382
492
2335
2336
2337
2338
2535
2536
2537
373
383
493
3322
3323
3324
3325
384
494
375
385
495
2542
2543
2544
3334
3335
3338
3339
3861
3862
3863
3864
376
386
496
2466
2467
2470
2471
377
387
497
3341
3342
3345
3346
378
388
498
379
389
499
380
390
500
381
391
501
2473
2474
2477
2478
382
392
502
383
393
503
384
394
504
395
505
386
396
506
2342
2343
2344
2345
387
397
507
388
398
508
389
399
509
390
400
510
1926
1929
1930
391
401
511
1933
1936
1937
392
402
512
1940
1943
1944
393
403
513
394
404
514
395
405
515
406
516
397
407
517
2349
2350
2351
2352
2549
2550
2551
398
408
518
399
409
519
400
410
520
1927
1929
1931
1968
1969
1970
2479
2482
2483
1926
1927
1929
1926
1933
1934
1936
1933
1940
1941
1943
404
414
524
1940
1942
1944
1946
1975
1976
1977
2486
2489
2490
405
415
525
406
416
526
417
527
408
418
528
409
419
529
410
420
530
2480
2482
2484
2556
2557
2558
2479
2480
2482
1331
1332
1334
1927
2356
2479
1331
1338
1339
1341
1934
2363
1338
1345
1346
1348
1941
2370
1345
2486
2487
2489
416
426
536
2486
2488
2490
2492
2563
2564
2565
417
427
537
428
538
419
429
539
2377
2378
2379
2380
420
430
540
421
431
541
2494
2496
2498
2570
2571
2572
2480
2493
2494
2496
1332
1352
1353
1355
2384
2493
1339
1352
1359
1360
1362
2391
1346
1359
1366
1367
1369
2398
1366
2487
2500
2501
2503
427
437
547
2500
2502
2504
2506
2577
2578
2579
428
438
548
439
549
430
440
550
431
441
551
432
442
552
2508
2510
2512
2584
2585
2586
2494
2507
2508
2510
1353
1373
1374
1376
2405
2507
1360
1373
1380
1381
1383
2412
1367
1380
1387
1388
1390
2419
1387
2501
2514
2515
2517
438
448
558
2514
2516
2518
2520
2591
2592
2593
439
449
559
450
560
2426
2427
2428
2429
441
451
561
2598
2599
2600
442
452
562
443
453
563
444
454
564
1948
1950
1952
1982
1983
1984
2508
2509
2512
2513
1374
1947
1948
1950
1381
1947
1954
1955
1957
1388
1954
1961
1962
1964
448
458
568
1961
1963
1965
1967
1989
1990
1991
2515
2516
2519
2520
449
459
569
450
460
570
461
571
3868
3869
3870
3871
452
462
572
2433
2434
2435
2436
3347
3350
3351
453
463
573
454
464
574
455
465
575
456
466
576
1948
1949
1952
1953
457
467
577
1955
1956
1959
1960
458
468
578
1962
1963
1966
1967
459
469
579
460
470
580
461
471
581
472
582
4092
4093
4094
4095
4096
4099
4100
4215
4216
4217
3347
3348
3350
464
474
584
3347
3349
3351
3353
465
475
585
466
476
586
467
477
587
468
478
588
469
479
589
470
480
590
471
481
591
472
482
592
4097
4099
4101
4096
4097
4099
3348
3872
3873
3875
475
595
2440
2441
2442
2443
3368
3369
3370
3872
3874
3876
3878
476
596
2619
2620
2621
477
597
478
598
2447
2448
2449
2450
2626
2627
2628
479
599
480
600
2454
2455
2456
2457
2633
2634
2635
481
601
482
602
483
603
2461
2462
2463
2464
3880
3882
3884
3329
3879
3880
3882
4097
485
495
605
2542
2545
2546
3336
3337
3338
3339
3375
3376
3377
486
496
606
2468
2469
2470
2471
2522
2524
2526
2521
2522
2524
3343
2521
3354
3355
3357
489
499
609
3354
3356
3358
3360
3886
3887
3888
490
500
610
2529
2531
2533
3396
3397
3398
2475
2528
2529
2531
2528
3361
3362
3364
2535
2536
2538
3361
494
504
614
2535
2537
2539
2541
505
615
4222
4223
4224
2542
2543
2545
497
507
617
2542
2544
2546
2548
498
508
618
2522
2523
2526
2527
499
509
619
3355
3356
3359
3360
500
510
620
501
511
621
502
512
622
2529
2530
2533
2534
503
513
623
3362
3363
3366
3367
504
514
624
2536
2537
2540
2541
505
515
625
516
626
4110
4111
4112
507
517
627
2543
2544
2547
2548
2549
2552
2553
3417
3418
3419
508
518
628
509
519
629
510
520
630
1968
1971
1972
511
521
631
1394
1397
1398
512
522
632
1401
1404
1405
513
523
633
1408
1411
1412
514
524
634
1975
1978
1979
515
525
635
516
526
636
527
637
2549
2550
2552
519
529
639
2549
2551
2553
2555
520
530
640
1969
1971
1973
2556
2559
2560
1968
1969
1971
1394
1395
1397
1929
1968
1394
1401
1402
1404
1936
1401
1408
1409
1411
1943
1408
1975
1976
1978
526
536
646
1975
1977
1979
1981
2563
2566
2567
527
537
647
538
648
529
539
649
2550
2551
2554
2555
3431
3432
3433
530
540
650
2557
2559
2561
2556
2557
2559
1415
1416
1418
1969
2482
2556
1334
1395
1415
1422
1423
1425
1341
1402
1422
1429
1430
1432
1348
1409
1429
1436
1437
1439
1436
1443
1444
1446
1976
2489
1443
2563
2564
2566
538
548
658
2563
2565
2567
2569
549
659
540
550
660
541
551
661
2571
2573
2575
2557
2570
2571
2573
1416
1450
1451
1453
2496
2570
1355
1423
1450
1457
1458
1460
1362
1430
1457
1464
1465
1467
1369
1437
1464
1471
1472
1474
1444
1471
1478
1479
1481
2503
1478
2564
2577
2578
2580
549
559
669
2577
2579
2581
2583
560
670
551
561
671
2598
2601
2602
552
562
672
2585
2587
2589
2571
2584
2585
2587
1451
1485
1486
1488
2510
2584
1376
1458
1485
1492
1493
1495
1383
1465
1492
1499
1500
1502
1390
1472
1499
1506
1507
1509
1479
1506
1513
1514
1516
2517
1513
2578
2591
2592
2594
560
570
680
2591
2593
2595
2597
571
681
2598
2599
2601
563
573
683
2598
2600
2602
2604
564
574
684
1983
1985
1987
2585
2586
2589
2590
1486
1982
1983
1985
1493
1520
1521
1523
1950
1982
1500
1520
1527
1528
1530
1957
1507
1527
1534
1535
1537
1964
1514
1534
1989
1990
1992
570
580
690
1989
1991
1993
1995
2592
2593
2596
2597
571
581
691
582
692
4215
4218
4219
573
583
693
2599
2600
2603
2604
2605
2608
2609
574
584
694
575
585
695
576
586
696
1983
1984
1987
1988
577
587
697
1521
1522
1525
1526
578
588
698
1528
1529
1532
1533
579
589
699
1535
1536
1539
1540
580
590
700
1990
1991
1994
1995
581
591
701
582
592
702
4216
4218
4220
4215
4216
4218
2605
2606
2608
3350
585
595
705
2605
2607
2609
2611
3368
3371
3372
586
596
706
2619
2622
2623
587
597
707
588
598
708
2626
2629
2630
589
599
709
590
600
710
2633
2636
2637
591
601
711
592
602
712
593
603
713
4104
4106
4108
4099
4103
4104
4106
4216
2606
2612
2613
2615
3875
2612
3368
3369
3371
2619
2620
2622
3368
598
718
2619
2621
2623
2625
2627
2629
2631
3459
3460
3461
2626
2627
2629
600
720
2626
2628
2630
2632
2634
2636
2638
2633
2634
2636
602
722
2633
2635
2637
2639
603
723
604
724
725
3882
3883
3884
3885
3900
3901
3902
4104
4105
4108
4109
3375
3376
3378
607
617
727
3375
3377
3379
3381
3383
3385
3387
3473
3474
3475
2524
3382
3383
3385
3357
3382
3389
3390
3392
3389
3886
3887
3889
3396
3397
3399
3886
2531
3396
3403
3404
3406
613
623
733
3364
3365
3366
3367
3403
3405
3407
3409
614
624
734
2538
2539
2540
2541
2703
2704
2705
615
625
735
3480
3481
3482
4223
4225
4227
4222
4223
4225
2545
3376
3410
3411
3413
618
628
738
3410
3412
3414
3416
619
629
739
3383
3384
3387
3388
620
630
740
3390
3391
3394
3395
621
631
741
3887
3888
3891
3892
622
632
742
3397
3398
3401
3402
623
633
743
3404
3405
3408
3409
624
634
744
625
635
745
626
636
746
4111
4113
4115
4110
4111
4113
4223
3411
3417
3418
3420
629
639
749
3417
3419
3421
3423
630
640
750
631
641
751
1996
1999
2000
632
642
752
1541
1544
1545
633
643
753
1548
1551
1552
634
644
754
1555
1558
1559
635
645
755
2003
2006
2007
636
646
756
637
647
757
648
758
4111
4112
4115
4116
2552
3418
3424
3425
3427
640
650
760
3424
3426
3428
3430
641
651
761
1997
1999
2001
2640
2643
2644
1971
1996
1997
1999
1397
1541
1542
1544
1996
1404
1541
1548
1549
1551
1411
1548
1555
1556
1558
1555
1978
2003
2004
2006
647
657
767
2003
2005
2007
2009
2647
2650
2651
648
658
768
659
769
3425
3431
3432
3434
651
661
771
2641
2643
2645
3431
3433
3435
3437
2559
2640
2641
2643
1418
1562
1563
1565
1997
2640
1425
1542
1562
1569
1570
1572
1432
1549
1569
1576
1577
1579
1439
1556
1576
1583
1584
1586
1446
1583
1590
1591
1593
2004
1590
2566
2647
2648
2650
659
669
779
2647
2649
2651
2653
670
780
4117
4118
4119
661
671
781
3432
3433
3436
3437
662
672
782
2655
2657
2659
2573
2641
2654
2655
2657
1453
1563
1597
1598
1600
2654
1460
1570
1597
1604
1605
1607
1467
1577
1604
2661
2662
2664
1474
1584
1611
1612
1614
2661
1481
1591
1611
1618
1619
1621
1618
2580
2648
2668
2669
2671
670
680
790
2668
2670
2672
2674
681
791
672
682
792
3438
3441
3442
673
683
793
2676
2678
2680
2587
2655
2675
2676
2678
1488
1598
1625
1626
1628
2675
1495
1605
1625
1632
1633
1635
1502
1632
1639
1640
1642
2662
1509
1612
1639
1646
1647
1649
1516
1619
1646
1653
1654
1656
1653
2594
2669
2682
2683
2685
681
691
801
2682
2684
2686
2688
692
802
2601
3438
3439
3441
684
694
804
3438
3440
3442
3444
685
695
805
2011
2013
2015
2676
2677
2680
2681
1626
1985
2010
2011
2013
1523
1633
1660
1661
1663
2010
1530
1640
1660
1667
1668
1670
1537
1647
1667
1674
1675
1677
1654
1674
1992
2017
2018
2020
691
701
811
2017
2019
2021
2023
2683
2684
2687
2688
692
702
812
703
813
3487
3488
3489
4229
4232
4233
694
704
814
3439
3440
3443
3444
3445
3448
3449
695
705
815
696
706
816
697
707
817
2011
2012
2015
2016
698
708
818
1661
1662
1665
1666
699
709
819
1668
1669
1672
1673
700
710
820
1675
1676
1679
1680
701
711
821
2018
2019
2022
2023
702
712
822
703
713
823
4230
4232
4234
4218
4229
4230
4232
2608
3445
3446
3448
706
716
826
3445
3447
3449
3451
707
717
827
3893
3896
3897
708
718
828
3459
3462
3463
709
719
829
3466
3469
3470
710
720
830
711
721
831
712
722
832
713
723
833
714
724
834
725
835
3900
3903
3904
4106
4107
4108
4109
4230
4231
4234
4235
2615
3446
3452
3453
3455
717
837
3371
3372
3373
3374
3452
3454
3456
3458
3894
3896
3898
2622
3893
3894
3896
3459
3460
3462
3893
2629
3459
3466
3467
3469
721
841
3466
3468
3470
3472
722
842
2636
2637
2638
2639
723
843
3501
3502
3503
724
844
725
845
3508
3509
3510
3901
3903
3905
3900
3901
3903
3378
3907
3908
3910
3473
3474
3476
3907
2689
2690
2692
3385
3473
730
740
850
2689
2691
2693
2695
2794
2795
2796
3392
3393
3394
3395
731
741
851
2801
2802
2803
3889
3890
3891
3892
732
742
852
2697
2699
2701
3399
3400
3401
3402
3515
3516
3517
2696
2697
2699
3406
734
744
854
2696
2698
2700
2702
2704
2706
2708
2703
2704
2706
2703
3480
3481
3483
3480
3914
3915
3917
4225
2710
2711
2713
3413
3908
739
749
859
2710
2712
2714
2716
3474
3475
3478
3479
740
750
860
2690
2691
2694
2695
741
751
861
742
752
862
743
753
863
744
754
864
2697
2698
2701
2702
745
755
865
746
756
866
2704
2705
2708
2709
747
757
867
3481
3482
3485
3486
758
868
3915
3916
3919
3920
4113
4114
4115
4116
749
759
869
2711
2712
2715
2716
2717
2720
2721
3420
3421
3422
3423
750
760
870
751
761
871
752
762
872
2024
2027
2028
753
763
873
1681
1684
1685
754
764
874
1688
1691
1692
755
765
875
1695
1698
1699
756
766
876
2031
2034
2035
757
767
877
758
768
878
769
879
2717
2718
2720
3427
761
771
881
2717
2719
2721
2723
762
772
882
2025
2027
2029
2724
2727
2728
1999
2024
2025
2027
1544
1681
1682
1684
2024
1551
1681
1688
1689
1691
1558
1688
1695
1696
1698
1695
2006
2031
2032
2034
768
778
888
2031
2033
2035
2037
2731
2734
2735
769
779
889
780
890
4117
4120
4121
771
781
891
2718
2719
2722
2723
2815
2816
2817
3434
3435
3436
3437
772
782
892
2725
2727
2729
2643
2724
2725
2727
1565
1702
1703
1705
2025
2724
1572
1682
1702
1709
1710
1712
1579
1689
1709
1716
1717
1719
1586
1696
1716
1723
1724
1726
1593
1723
1730
1731
1733
2032
1730
2650
2731
2732
2734
780
790
900
2731
2733
2735
2737
4118
4120
4122
4117
4118
4120
782
792
902
783
793
903
2739
2741
2743
2657
2725
2738
2739
2741
1600
1703
1737
1738
1740
2738
1607
1710
1737
1744
1745
1747
1717
1744
1751
1752
1754
2664
1614
1724
1751
1758
1759
1761
1621
1731
1758
1765
1766
1768
1765
2671
2732
2745
2746
2748
791
801
911
2745
2747
2749
2751
802
912
3522
3523
3524
4118
4119
4122
4123
793
803
913
4236
4239
4240
794
804
914
2753
2755
2757
2678
2739
2752
2753
2755
1628
1738
1772
1773
1775
2752
1635
1745
1772
1779
1780
1782
1642
1752
1779
1786
1787
1789
1649
1759
1786
1793
1794
1796
1656
1766
1793
1800
1801
1803
1800
2685
2746
2759
2760
2762
802
812
922
2759
2761
2763
2765
813
923
2864
2865
2866
3487
3490
3491
3441
4236
4237
4239
805
815
925
4236
4238
4240
4242
806
816
926
2039
2041
2043
2753
2754
2757
2758
1773
2013
2038
2039
2041
1663
1780
1807
1808
1810
2038
1670
1787
1807
1814
1815
1817
1677
1794
1814
1821
1822
1824
1801
1821
2020
2045
2046
2048
812
822
932
2045
2047
2049
2051
2760
2761
2764
2765
813
823
933
3488
3490
3492
3487
3488
3490
815
825
935
2766
2769
2770
4131
4132
4133
4237
4238
4241
4242
816
826
936
817
827
937
818
828
938
2039
2040
2043
2044
819
829
939
1808
1809
1812
1813
820
830
940
1815
1816
1819
1820
821
831
941
1822
1823
1826
1827
822
832
942
2046
2047
2050
2051
823
833
943
824
834
944
3922
3924
3926
3488
3921
3922
3924
4232
2766
2767
2769
3448
827
837
947
2766
2768
2770
2772
828
838
948
2780
2783
2784
829
839
949
830
840
950
3494
3497
3498
831
841
951
832
842
952
833
843
953
3501
3504
3505
834
844
954
835
845
955
3508
3511
3512
846
956
3922
3923
3926
3927
3928
3931
3932
4243
4244
4245
2767
2773
2774
2776
3455
838
958
2773
2775
2777
2779
2781
2783
2785
3949
3950
3951
2780
2781
2783
3896
840
960
2780
2782
2784
2786
3462
3463
3464
3465
3495
3497
3499
3469
3494
3495
3497
842
962
3494
3496
3498
3500
3543
3544
3545
843
963
3502
3504
3506
3956
3957
3958
3501
3502
3504
845
965
2878
2879
2880
3501
3503
3505
3507
3509
3511
3513
3508
3509
3511
3508
3903
3928
3929
3931
848
858
968
2885
2886
2887
3910
3911
3912
3913
849
859
969
2788
2790
2792
3476
3477
3478
3479
2692
2787
2788
2790
2787
2794
2795
2797
2794
2801
2802
2804
2801
3515
3516
3518
854
864
974
2699
2700
2701
2702
3515
3517
3519
3521
855
865
975
856
866
976
2706
2707
2708
2709
4138
4139
4140
857
867
977
3483
3484
3485
3486
4125
4127
4129
3917
4124
4125
4127
859
869
979
2713
2714
2715
2716
2892
2893
2894
860
870
980
861
871
981
2788
2789
2792
2793
862
872
982
2795
2796
2799
2800
863
873
983
2802
2803
2806
2807
864
874
984
3516
3517
3520
3521
865
875
985
866
876
986
867
877
987
868
878
988
879
989
4125
4126
4129
4130
870
880
990
871
881
991
872
882
992
873
883
993
874
884
994
2052
2055
2056
875
885
995
1828
1831
1832
876
886
996
2808
2811
2812
877
887
997
878
888
998
879
889
999
890
1000
2899
2900
2901
881
891
1001
2720
2721
2722
2723
2815
2818
2819
882
892
1002
883
893
1003
884
894
1004
2027
2028
2029
2030
2053
2055
2057
2822
2825
2826
1684
2052
2053
2055
1691
1828
1829
1831
2052
1698
1828
2808
2809
2811
888
898
1008
2034
2035
2036
2037
2808
2810
2812
2814
2829
2832
2833
889
899
1009
890
900
1010
901
1011
3935
3938
3939
2815
2816
2818
893
903
1013
2815
2817
2819
2821
894
904
1014
2727
2728
2729
2730
2823
2825
2827
1705
2822
2823
2825
1712
1835
1836
1838
2053
2822
1719
1829
1835
1842
1843
1845
1726
1842
1849
1850
1852
2809
1733
1849
2829
2830
2832
900
910
1020
2734
2735
2736
2737
2829
2831
2833
2835
901
911
1021
3936
3938
3940
3935
3936
3938
4120
903
913
1023
2816
2817
2820
2821
904
914
1024
905
915
1025
2741
2742
2743
2744
2837
2839
2841
1740
2823
2836
2837
2839
1747
1836
1856
1857
1859
2836
1754
1843
1856
1863
1864
1866
1761
1850
1863
1870
1871
1873
1768
1870
2830
2843
2844
2846
911
921
1031
2748
2749
2750
2751
2843
2845
2847
2849
912
922
1032
3523
3525
3527
3522
3523
3525
3936
914
924
1034
915
925
1035
916
926
1036
2755
2756
2757
2758
2851
2853
2855
1775
2837
2850
2851
2853
1782
1857
1877
1878
1880
2850
1789
1864
1877
1884
1885
1887
1796
1871
1884
1891
1892
1894
1803
1891
2844
2857
2858
2860
922
932
1042
2762
2763
2764
2765
2857
2859
2861
2863
923
933
1043
2865
2867
2869
2864
2865
2867
3523
925
935
1045
4131
4134
4135
4239
4240
4241
4242
926
936
1046
927
937
1047
928
938
1048
2041
2042
2043
2044
2060
2062
2064
2851
2852
2855
2856
1810
1878
2059
2060
2062
1817
1885
1898
1899
1901
2059
1824
1892
1898
2066
2067
2069
932
942
1052
2048
2049
2050
2051
2066
2068
2070
2072
2858
2859
2862
2863
933
943
1053
934
944
1054
3530
3532
3534
2865
3490
3529
3530
3532
4131
4132
4134
937
947
1057
4131
4133
4135
4137
938
948
1058
939
949
1059
940
950
1060
2060
2061
2064
2065
941
951
1061
1899
1900
1903
1904
942
952
1062
2067
2068
2071
2072
943
953
1063
944
954
1064
945
955
1065
956
1066
3530
3531
3534
3535
3924
3925
3926
3927
4243
4246
4247
4257
4258
4259
2769
3942
3943
3945
4132
948
958
1068
3942
3944
3946
3948
3949
3952
3953
949
959
1069
4250
4253
4254
950
960
1070
951
961
1071
2871
2874
2875
952
962
1072
3543
3546
3547
953
963
1073
3956
3959
3960
954
964
1074
955
965
1075
2878
2881
2882
956
966
1076
4244
4246
4248
4243
4244
4246
2776
3536
3537
3539
3943
3536
3949
3950
3952
2783
3949
4250
4251
4253
961
1081
2872
2874
2876
4250
4252
4254
4256
2871
2872
2874
3497
2871
3543
3544
3546
3543
3956
3957
3959
965
1085
2879
2881
2883
3504
3505
3506
3507
3956
3958
3960
3962
2878
2879
2881
967
1087
2878
2880
2882
2884
3511
3512
3513
3514
3557
3558
3559
3964
3966
3968
3931
3963
3964
3966
4244
2885
2886
2888
970
980
1090
2885
2887
2889
2891
2962
2963
2964
971
981
1091
2790
2791
2792
2793
972
982
1092
2797
2798
2799
2800
973
983
1093
2804
2805
2806
2807
3564
3565
3566
974
984
1094
3518
3519
3520
3521
3984
3985
3986
975
985
1095
3571
3572
3573
976
986
1096
3991
3992
3993
4139
4141
4143
4138
4139
4141
978
988
1098
2969
2970
2971
4138
4140
4142
4144
989
1099
3578
3579
3580
4127
4128
4129
4130
2886
2892
2893
2895
981
991
1101
2892
2894
2896
2898
982
992
1102
983
993
1103
984
994
1104
985
995
1105
986
996
1106
987
997
1107
988
998
1108
4139
4140
4143
4144
989
999
1109
1000
1110
2899
2902
2903
3592
3593
3594
991
1001
1111
2893
2894
2897
2898
992
1002
1112
993
1003
1113
994
1004
1114
995
1005
1115
996
1006
1116
997
1007
1117
998
1008
1118
999
1009
1119
1000
1010
1120
2900
2902
2904
2899
2900
2902
1002
1012
1122
1003
1013
1123
1004
1014
1124
1005
1015
1125
1006
1016
1126
2055
2056
2057
2058
2906
2909
2910
1007
1017
1127
1831
1832
1833
1834
1905
1908
1909
1008
1018
1128
2811
2812
2813
2814
2913
2916
2917
1009
1019
1129
1010
1020
1130
1011
1021
1131
1022
1132
2900
2901
2904
2905
3550
3553
3554
1013
1023
1133
2818
2819
2820
2821
1014
1024
1134
1015
1025
1135
1016
1026
1136
2825
2826
2827
2828
2907
2909
2911
1838
2906
2907
2909
1845
1905
1906
1908
2906
1852
1905
2913
2914
2916
1020
1030
1140
2832
2833
2834
2835
2913
2915
2917
2919
1021
1031
1141
1022
1032
1142
3551
3553
3555
3550
3551
3553
3938
1024
1034
1144
1025
1035
1145
1026
1036
1146
1027
1037
1147
2839
2840
2841
2842
2921
2923
2925
1859
2907
2920
2921
2923
1866
1906
1912
1913
1915
2920
1873
1912
2914
2927
2928
2930
1031
1041
1151
2846
2847
2848
2849
2927
2929
2931
2933
1032
1042
1152
1033
1043
1153
3971
3973
3975
3525
3551
3970
3971
3973
1035
1045
1155
1036
1046
1156
1037
1047
1157
1038
1048
1158
2853
2854
2855
2856
2935
2937
2939
1880
2921
2934
2935
2937
1887
1913
1919
1920
1922
2934
1894
1919
2928
2941
2942
2944
1042
1052
1162
2860
2861
2862
2863
2941
2943
2945
2947
1043
1053
1163
1044
1054
1164
2949
2951
2953
2867
2948
2949
2951
3971
1046
1056
1166
4145
4148
4149
1047
1057
1167
1048
1058
1168
1049
1059
1169
1050
1060
1170
2062
2063
2064
2065
2935
2936
2939
2940
1051
1061
1171
1901
1902
1903
1904
1920
1921
1924
1925
1052
1062
1172
2069
2070
2071
2072
2942
2943
2946
2947
1053
1063
1173
1054
1064
1174
1055
1065
1175
1066
1176
2949
2950
2953
2954
3532
3533
3534
3535
4257
4260
4261
4134
4145
4146
4148
1058
1068
1178
4145
4147
4149
4151
1059
1069
1179
1060
1070
1180
1061
1071
1181
1062
1072
1182
1063
1073
1183
1064
1074
1184
1065
1075
1185
1066
1076
1186
4258
4260
4262
4257
4258
4260
1068
1078
1188
3606
3607
3608
3945
3946
3947
3948
4146
4147
4150
4151
1069
1079
1189
1070
1080
1190
4159
4162
4163
1071
1081
1191
1072
1082
1192
1073
1083
1193
1074
1084
1194
1075
1085
1195
1076
1086
1196
2955
2958
2959
1077
1087
1197
3557
3560
3561
4153
4155
4157
4152
4153
4155
4246
4258
1079
1199
2990
2991
2992
3539
3540
3541
3542
1080
1200
3952
3953
3954
3955
4160
4162
4164
4159
4160
4162
4253
1082
1202
4159
4161
4163
4165
1083
1203
2874
2875
2876
2877
4005
4006
4007
1084
1204
3546
3547
3548
3549
1085
1205
3959
3960
3961
3962
4012
4013
4014
1086
1206
2956
2958
2960
4166
4167
4168
2881
2955
2956
2958
2955
3557
3558
3560
3557
3966
3977
3978
3980
4153
1090
1100
1210
2888
2889
2890
2891
2963
2965
2967
3585
3588
3589
4019
4020
4021
2962
2963
2965
1092
1102
1212
2962
2964
2966
2968
4026
4027
4028
1093
1103
1213
2997
2998
2999
3565
3567
3569
3564
3565
3567
3564
3984
3985
3987
3571
3572
3574
3984
3571
3991
3992
3994
1098
1108
1218
2970
2972
2974
3991
3993
3995
3997
4033
4034
4035
4141
4142
4143
4144
2969
2970
2972
2969
3578
3579
3581
2895
3585
3586
3588
1102
1112
1222
2963
2964
2967
2968
3585
3587
3589
3591
1103
1113
1223
4180
4181
4182
1104
1114
1224
1105
1115
1225
3565
3566
3569
3570
1106
1116
1226
3985
3986
3989
3990
1107
1117
1227
3572
3573
3576
3577
1108
1118
1228
3992
3993
3996
3997
4040
4041
4042
1109
1119
1229
1110
1120
1230
2970
2971
2974
2975
3593
3595
3597
4187
4188
4189
3579
3592
3593
3595
1112
1122
1232
3586
3587
3590
3591
1113
1123
1233
4278
4279
4280
1114
1124
1234
1115
1125
1235
1116
1126
1236
3018
3019
3020
1117
1127
1237
1118
1128
1238
3025
3026
3027
1119
1129
1239
1120
1130
1240
1121
1131
1241
1132
1242
2902
2903
2904
2905
3593
3594
3597
3598
1123
1133
1243
1124
1134
1244
1125
1135
1245
1126
1136
1246
1127
1137
1247
3032
3033
3034
1128
1138
1248
1129
1139
1249
3039
3040
3041
1130
1140
1250
1131
1141
1251
1132
1142
1252
1143
1253
2976
2979
2980
1134
1144
1254
1135
1145
1255
1136
1146
1256
1137
1147
1257
1138
1148
1258
2909
2910
2911
2912
3046
3047
3048
1139
1149
1259
1908
1909
1910
1911
1140
1150
1260
2916
2917
2918
2919
3053
3054
3055
1141
1151
1261
1142
1152
1262
1143
1153
1263
2977
2979
2981
2976
2977
2979
3553
1145
1155
1265
1146
1156
1266
1147
1157
1267
1148
1158
1268
1149
1159
1269
2923
2924
2925
2926
3060
3061
3062
1150
1160
1270
1915
1916
1917
1918
3067
3068
3069
1151
1161
1271
2930
2931
2932
2933
3074
3075
3076
1152
1162
1272
1153
1163
1273
1154
1164
1274
3600
3602
3604
2977
3599
3600
3602
3973
1156
1166
1276
1157
1167
1277
1158
1168
1278
1159
1169
1279
1160
1170
1280
2937
2938
2939
2940
3081
3082
3083
1161
1171
1281
1922
1923
1924
1925
3655
3656
3657
1162
1172
1282
2944
2945
2946
2947
1163
1173
1283
3662
3663
3664
1164
1174
1284
1165
1175
1285
2984
2986
2988
2951
2983
2984
2986
3600
1167
1177
1287
3998
4001
4002
1168
1178
1288
1169
1179
1289
1170
1180
1290
1171
1181
1291
1172
1182
1292
3676
3677
3678
1173
1183
1293
3088
3089
3090
1174
1184
1294
1175
1185
1295
1176
1186
1296
1187
1297
2984
2985
2988
2989
3998
3999
4001
4148
1179
1189
1299
3998
4000
4002
4004
1180
1190
1300
1181
1191
1301
1182
1192
1302
1183
1193
1303
1184
1194
1304
1185
1195
1305
3683
3684
3685
1186
1196
1306
4047
4048
4049
1187
1197
1307
1198
1308
4260
4261
4262
4263
3606
3607
3609
3999
1190
1200
1310
3606
3608
3610
3612
1191
1201
1311
1192
1202
1312
1193
1203
1313
3697
3698
3699
4005
4008
4009
1194
1204
1314
3095
3096
3097
1195
1205
1315
4012
4015
4016
1196
1206
1316
4166
4169
4170
1197
1207
1317
1198
1208
1318
3613
3616
3617
1209
1319
4155
4156
4157
4158
4173
4176
4177
2990
2991
2993
3607
1201
1321
2990
2992
2994
2996
1202
1322
4162
4163
4164
4165
1203
1323
4006
4008
4010
4005
4006
4008
1205
1325
3718
3719
3720
4005
4007
4009
4011
4013
4015
4017
4012
4013
4015
4012
4166
4167
4169
1208
1328
2958
2959
2960
2961
3614
3616
3618
4166
4168
4170
4172
3560
3613
3614
3616
3613
3980
4173
4174
4176
4019
4020
4022
2965
3620
3621
3623
4019
3620
4026
4027
4029
2997
2998
3000
4026
2997
3004
3005
3007
3567
3004
3627
3628
3630
3987
3011
3012
3014
3574
3627
3011
3634
3635
3637
3994
3634
4033
4034
4036
2972
4033
4264
4265
4267
1231
3581
3582
3583
3584
4264
4266
4268
4270
4271
4274
4275
1222
1232
3588
3589
3590
3591
4020
4021
4024
4025
1223
1233
3621
3622
3625
3626
4181
4183
4185
4278
4281
4282
4027
4180
4181
4183
1225
1235
2998
2999
3002
3003
4180
4182
4184
4186
1226
1236
3005
3006
3009
3010
3018
3021
3022
1227
1237
3628
3629
3632
3633
1228
1238
3012
3013
3016
3017
3025
3028
3029
4041
4043
4045
3635
4040
4041
4043
1230
1240
4034
4035
4038
4039
4040
4042
4044
4046
4188
4190
4192
4187
4188
4190
4265
3595
4187
4271
4272
4274
1233
1243
4279
4281
4283
4278
4279
4281
1235
1245
4181
4182
4185
4186
4278
4280
4282
4284
1236
1246
3019
3021
3023
3018
3019
3021
1238
1248
3018
3020
3022
3024
3026
3028
3030
3025
3026
3028
1240
1250
3025
3027
3029
3031
4041
4042
4045
4046
1241
1251
1242
1252
4188
4189
4192
4193
1253
4272
4273
4276
4277
1244
1254
1245
1255
4279
4280
4283
4284
1246
1256
1247
1257
3033
3035
3037
3019
3032
3033
3035
1249
1259
3032
3034
3036
3038
3040
3042
3044
3026
3039
3040
3042
1251
1261
3039
3041
3043
3045
1252
1262
1253
1263
1264
3641
3644
3645
1255
1265
1256
1266
1257
1267
1258
1268
3047
3049
3051
3033
3046
3047
3049
1260
1270
3046
3048
3050
3052
3054
3056
3058
3067
3070
3071
3040
3053
3054
3056
1262
1272
3053
3055
3057
3059
1263
1273
1264
1274
3642
3644
3646
2979
3641
3642
3644
1266
1276
1267
1277
1268
1278
1269
1279
3061
3063
3065
3047
3060
3061
3063
3060
3067
3068
3070
3054
3067
3074
3075
3077
1273
1283
3074
3076
3078
3080
3662
3665
3666
1274
1284
1275
1285
3649
3651
3653
3602
3642
3648
3649
3651
1277
1287
1278
1288
1279
1289
1280
1290
3082
3084
3086
3061
3081
3082
3084
3068
3081
3655
3656
3658
1283
1293
3075
3076
3079
3080
3088
3091
3092
3655
3657
3659
3661
3663
3665
3667
3662
3663
3665
1285
1295
3662
3664
3666
3668
1286
1296
3670
3672
3674
2986
3649
3669
3670
3672
1288
1298
4194
4197
4198
1289
1299
1290
1300
1291
1301
1292
1302
3082
3083
3086
3087
3677
3679
3681
3656
3676
3677
3679
3088
3089
3091
3676
1295
1305
3088
3090
3092
3094
3663
3664
3667
3668
3683
3686
3687
1296
1306
4047
4050
4051
1297
1307
1308
3670
3671
3674
3675
4001
4194
4195
4197
1300
1310
4194
4196
4198
4200
1301
1311
1302
1312
1303
1313
3697
3700
3701
1304
1314
3095
3098
3099
3677
3678
3681
3682
1305
1315
3089
3090
3093
3094
3684
3686
3688
3683
3684
3686
3683
4047
4048
4050
1308
1318
4047
4049
4051
4053
1319
3609
3690
3691
3693
4195
1311
1321
3690
3692
3694
3696
1312
1322
1313
1323
3698
3700
3702
3697
3698
3700
3095
3096
3098
3697
1316
1326
3095
3097
3099
3101
3725
3728
3729
1317
1327
3684
3685
3688
3689
1318
1328
4048
4049
4052
4053
1319
1329
1330
2993
3691
3704
3705
3707
1322
3704
3706
3708
3710
1323
1324
3712
3714
3716
3698
3711
3712
3714
4008
3096
3711
3718
3719
3721
3718
3725
3726
3728
4015
1328
3725
3727
3729
3731
4169
4170
4171
4172
1329
1330
3616
3617
3618
3619
4176
4177
4178
4179
1333
1335
1928
2357
1333
1336
2358
2481
1337
1339
1352
2359
1335
1336
1931
2483
1337
1341
1422
1932
1337
1355
1423
2485
1343
1356
1424
1340
1342
1935
2364
1340
1343
2365
1344
1346
1359
2366
1342
1343
1938
1344
1348
1429
1939
1344
1362
1430
1350
1363
1431
1347
1349
1942
2371
1347
1350
2372
1351
1366
2373
2487
1349
1350
1945
1351
1436
1946
2489
1351
1369
1437
1370
1438
2491
1354
1356
2385
1354
1357
2386
2495
1358
1360
1373
2387
1356
1357
2497
1358
1362
1457
1358
1376
1458
2499
1364
1377
1459
1361
1363
2392
1361
1364
2393
1365
1367
1380
2394
1363
1364
1365
1369
1464
1365
1383
1465
1371
1384
1466
1368
1370
2399
1368
1371
2400
1372
1387
2401
2501
1370
1371
1372
1471
2503
1372
1390
1472
1391
1473
2505
1375
1377
2406
1375
1378
2407
2509
1379
1381
1947
2408
1377
1378
2511
1379
1383
1492
1379
1493
1950
2513
1385
1494
1951
1382
1384
2413
1382
1385
2414
1386
1388
1954
2415
1384
1385
1386
1390
1499
1386
1500
1957
1392
1501
1958
1389
1391
2420
1389
1392
2421
1393
1961
2422
2515
1391
1392
1393
1506
2517
1393
1507
1964
1508
1965
2519
1396
1398
1930
1396
1399
1931
1970
1400
1402
1422
1932
1398
1399
1972
1400
1404
1541
1400
1425
1542
1974
1406
1426
1543
1403
1405
1937
1403
1406
1938
1407
1409
1429
1939
1405
1406
1407
1411
1548
1407
1432
1549
1413
1433
1550
1410
1412
1944
1410
1413
1945
1414
1436
1946
1976
1412
1413
1414
1555
1978
1414
1439
1556
1440
1557
1980
1417
1419
1970
2483
1417
1420
2484
2558
1421
1423
1450
2485
1419
1420
1973
2560
1421
1425
1562
1974
1421
1453
1563
2562
1427
1454
1564
1424
1426
1424
1427
1428
1430
1457
1426
1427
1428
1432
1569
1428
1460
1570
1434
1461
1571
1431
1433
1431
1434
1435
1437
1464
1433
1434
1435
1439
1576
1435
1467
1577
1441
1468
1578
1438
1440
1438
1441
1442
1444
1471
1440
1441
1442
1446
1583
1442
1474
1584
1448
1475
1585
1445
1447
1977
2490
1445
1448
2491
1449
1478
2492
2564
1447
1448
1980
1449
1590
1981
2566
1449
1481
1591
1482
1592
2568
1452
1454
2497
1452
1455
2498
2572
1456
1458
1485
2499
1454
1455
2574
1456
1460
1597
1456
1488
1598
2576
1462
1489
1599
1459
1461
1459
1462
1463
1465
1492
1461
1462
1463
1467
1604
1463
1495
1605
1469
1496
1606
1466
1468
1466
1469
1470
1472
1499
1468
1469
1470
1474
2661
1470
1502
2662
1476
1503
2663
1473
1475
1473
1476
1477
1479
1506
1475
1476
1477
1481
1611
1477
1509
1612
1483
1510
1613
1480
1482
2504
1480
1483
2505
1484
1513
2506
2578
1482
1483
1484
1618
2580
1484
1516
1619
1517
1620
2582
1487
1489
2511
1487
1490
2512
2586
1491
1493
1982
2513
1489
1490
2588
1491
1495
1625
1491
1626
1985
2590
1497
1627
1986
1494
1496
1494
1497
1498
1500
1520
1496
1497
1498
1502
1632
1498
1523
1633
1504
1524
1634
1501
1503
1501
1504
1505
1507
1527
1503
1504
1505
1509
1639
1505
1530
1640
1511
1531
1641
1508
1510
1508
1511
1512
1514
1534
1510
1511
1512
1516
1646
1512
1537
1647
1518
1538
1648
1515
1517
2518
1515
1518
2519
1519
1989
2520
2592
1517
1518
1519
1653
2594
1519
1654
1992
1655
1993
2596
1522
1524
1951
1522
1525
1952
1984
1526
1528
1953
1524
1525
1986
1526
1530
1660
1526
1661
1988
1532
1662
1529
1531
1958
1529
1532
1959
1533
1535
1960
1531
1532
1533
1537
1667
1533
1668
1539
1669
1536
1538
1965
1536
1539
1966
1540
1967
1990
1538
1539
1540
1674
1992
1540
1675
1676
1994
1543
1545
1543
1546
1998
1547
1549
1569
1545
1546
2000
1547
1551
1681
1547
1572
1682
2002
1553
1573
1683
1550
1552
1550
1553
1554
1556
1576
1552
1553
1554
1558
1688
1554
1579
1689
1560
1580
1690
1557
1559
1557
1560
1561
1583
2004
1559
1560
1561
1695
2006
1561
1586
1696
1587
1697
2008
1564
1566
1998
1564
1567
2642
1568
1570
1597
1566
1567
2001
2644
1568
1572
1702
2002
1568
1600
1703
2646
1574
1601
1704
1571
1573
1571
1574
1575
1577
1604
1573
1574
1575
1579
1709
1575
1607
1710
1581
1608
1711
1578
1580
1578
1581
1582
1584
2661
1580
1581
1582
1586
1716
1582
1717
2664
1588
1718
2665
1585
1587
1585
1588
1589
1591
1611
1587
1588
1589
1593
1723
1589
1614
1724
1595
1615
1725
1592
1594
2005
1592
1595
1596
1618
2648
1594
1595
2008
1596
1730
2009
2650
1596
1621
1731
1622
1732
2652
1599
1601
1599
1602
2656
1603
1605
1625
1601
1602
2658
1603
1607
1737
1603
1628
1738
2660
1609
1629
1739
1606
1608
1606
1609
1610
1632
2662
1608
1609
1610
1744
2664
1610
1635
1745
1636
1746
2666
1613
1615
1613
1616
2663
1617
1619
1646
1615
1616
2665
1617
1621
1758
1617
1649
1759
2667
1623
1650
1760
1620
1622
1620
1623
1624
1653
2669
1622
1623
1624
1765
2671
1624
1656
1766
1657
1767
2673
1627
1629
1627
1630
2677
1631
1633
2010
1629
1630
2679
1631
1635
1772
1631
1773
2013
2681
1637
1774
2014
1634
1636
1634
1637
1638
1640
1660
1636
1637
1638
1642
1779
1638
1663
1780
1644
1664
1781
1641
1643
2663
1641
1644
1645
1647
1667
1643
1644
2666
1645
1649
1786
2667
1645
1670
1787
1651
1671
1788
1648
1650
1648
1651
1652
1654
1674
1650
1651
1652
1656
1793
1652
1677
1794
1658
1678
1795
1655
1657
1655
1658
1659
2017
2683
1657
1658
1659
1800
2685
1659
1801
2020
1802
2021
2687
1662
1664
1662
1665
2012
1666
1668
1664
1665
2014
1666
1670
1807
1666
1808
2016
1672
1809
1669
1671
1669
1672
1673
1675
1671
1672
1673
1677
1814
1673
1815
1679
1816
1676
1678
1676
1679
1680
2018
1678
1679
1680
1821
2020
1680
1822
1823
2022
1683
1685
1683
1686
2026
1687
1689
1709
1685
1686
2028
1687
1691
2052
1687
1712
2030
2053
1693
1713
2054
1690
1692
1690
1693
1694
1696
1716
1692
1693
1694
1698
1828
1694
1719
1829
1700
1720
1830
1697
1699
1697
1700
1701
1723
2032
1699
1700
1701
2034
2808
1701
1726
2809
1727
2036
2810
1704
1706
2026
1704
1707
2726
1708
1710
1737
1706
1707
2029
2728
1708
1712
2030
2822
1708
1740
2730
2823
1714
1741
2824
1711
1713
1711
1714
1715
1717
1744
1713
1714
1715
1719
1835
1715
1747
1836
1721
1748
1837
1718
1720
1718
1721
1722
1724
1751
1720
1721
1722
1726
1842
1722
1754
1843
1728
1755
1844
1725
1727
1725
1728
1729
1731
1758
1727
1728
1729
1733
1849
1729
1761
1850
1735
1762
1851
1732
1734
2033
1732
1735
1736
1765
2732
1734
1735
2036
1736
2037
2734
2829
1736
1768
2830
1769
2736
2831
1739
1741
1739
1742
2740
1743
1745
1772
1741
1742
2742
1743
1747
2836
1743
1775
2744
2837
1749
1776
2838
1746
1748
1746
1749
1750
1752
1779
1748
1749
1750
1754
1856
1750
1782
1857
1756
1783
1858
1753
1755
2665
1753
1756
2666
1757
1759
1786
2667
1755
1756
1757
1761
1863
1757
1789
1864
1763
1790
1865
1760
1762
1760
1763
1764
1766
1793
1762
1763
1764
1768
1870
1764
1796
1871
1770
1797
1872
1767
1769
1767
1770
1771
1800
2746
1769
1770
1771
2748
2843
1771
1803
2844
1804
2750
2845
1774
1776
1774
1777
2754
1778
1780
2038
1776
1777
2756
1778
1782
2850
1778
2041
2758
2851
1784
2042
2852
1781
1783
1781
1784
1785
1787
1807
1783
1784
1785
1789
1877
1785
1810
1878
1791
1811
1879
1788
1790
1788
1791
1792
1794
1814
1790
1791
1792
1796
1884
1792
1817
1885
1798
1818
1886
1795
1797
1795
1798
1799
1801
1821
1797
1798
1799
1803
1891
1799
1824
1892
1805
1825
1893
1802
1804
1802
1805
1806
2045
2760
1804
1805
1806
2762
2857
1806
2048
2858
2049
2764
2859
1809
1811
1809
1812
2040
1813
1815
1811
1812
2042
1813
1817
2059
1813
2044
2060
1819
2061
1816
1818
1816
1819
1820
1822
1818
1819
1820
1824
1898
1820
1899
1826
1900
1823
1825
1823
1826
1827
2046
1825
1826
1827
2048
2066
1827
2067
2050
2068
1830
1832
1830
1833
2054
1834
1842
2809
1832
1833
2056
1834
2811
1834
1845
2058
1846
2813
1837
1839
2054
1837
1840
2824
1841
1843
1856
1839
1840
2057
2826
1841
1845
2058
2906
1841
1859
2828
2907
1847
1860
2908
1844
1846
1844
1847
1848
1850
1863
1846
1847
1848
1852
1905
1848
1866
1906
1854
1867
1907
1851
1853
2810
1851
1854
1855
1870
2830
1853
1854
2813
1855
2814
2832
2913
1855
1873
2914
1874
2834
2915
1858
1860
1858
1861
2838
1862
1864
1877
1860
1861
2840
1862
1866
2920
1862
1880
2842
2921
1868
1881
2922
1865
1867
1865
1868
1869
1871
1884
1867
1868
1869
1873
1912
1869
1887
1913
1875
1888
1914
1872
1874
1872
1875
1876
1891
2844
1874
1875
1876
2846
2927
1876
1894
2928
1895
2848
2929
1879
1881
1879
1882
2852
1883
1885
2059
1881
1882
2854
1883
1887
2934
1883
2062
2856
2935
1889
2063
2936
1886
1888
1886
1889
1890
1892
1898
1888
1889
1890
1894
1919
1890
1901
1920
1896
1902
1921
1893
1895
1893
1896
1897
2066
2858
1895
1896
1897
2860
2941
1897
2069
2942
2070
2862
2943
1900
1902
1900
1903
2061
1904
2067
1902
1903
2063
1904
2069
1904
2065
2071
1907
1909
1907
1910
2908
1911
1912
2914
1909
1910
2910
1911
2916
1911
1915
2912
1916
2918
1914
1916
1914
1917
2922
1918
1919
2928
1916
1917
2924
1918
2930
1918
1922
2926
1923
2932
1921
1923
1921
1924
2936
1925
2942
1923
1924
2938
1925
2944
1925
2940
2946
1928
1930
1928
1931
1932
1934
1930
1931
1932
1936
1932
1938
1935
1937
1935
1938
1939
1941
1937
1938
1939
1943
1939
1945
1942
1944
1942
1945
1946
1944
1945
1946
1946
1949
1951
1949
1952
1953
1955
1951
1952
1953
1957
1953
1959
1956
1958
1956
1959
1960
1962
1958
1959
1960
1964
1960
1966
1963
1965
1963
1966
1967
1965
1966
1967
1967
1970
1972
1970
1973
1974
1972
1973
1974
1996
1974
1997
1998
1977
1979
1977
1980
1981
1979
1980
1981
2003
1981
2004
2005
1984
1986
1984
1987
1988
1986
1987
1988
2010
1988
2011
2012
1991
1993
1991
1994
1995
1993
1994
1995
2017
1995
2018
2019
1998
2000
1998
2001
2002
2000
2001
2002
2024
2002
2025
2026
2005
2007
2005
2008
2009
2007
2008
2009
2031
2009
2032
2033
2012
2014
2012
2015
2016
2014
2015
2016
2038
2016
2039
2040
2019
2021
2019
2022
2023
2021
2022
2023
2045
2023
2046
2047
2026
2028
2026
2029
2030
2028
2029
2030
2030
2033
2035
2033
2036
2037
2035
2036
2037
2037
2040
2042
2040
2043
2044
2042
2043
2044
2044
2047
2049
2047
2050
2051
2049
2050
2051
2051
2054
2056
2054
2057
2058
2056
2057
2058
2058
2061
2063
2061
2064
2065
2063
2064
2065
2065
2068
2070
2068
2071
2072
2070
2071
2072
2072
2075
2077
2075
2078
2079
2081
2129
2077
2078
2079
2083
3249
2079
2132
3250
2085
2133
3251
2082
2084
2082
2085
2086
3103
2084
2085
2086
3105
2086
3107
2089
2091
2089
2092
3104
2093
2095
2091
2092
3106
2093
2097
2093
3108
2099
2096
2098
2096
2099
2100
3110
3116
2098
2099
2100
3112
3802
2100
3119
3803
3114
3120
3804
2103
2105
2103
2106
3111
2107
2109
2105
2106
3113
2107
2111
3256
2107
3115
3257
2113
3258
2110
2112
2110
2113
2114
3123
2112
2113
2114
3809
2114
3126
3810
3127
3811
2117
2119
2117
2120
2121
2123
2119
2120
2121
2125
2121
2127
2124
2126
2124
2127
2128
3130
2126
2127
2128
3816
2128
3133
3817
3134
3818
2131
2133
2131
2134
2135
2133
2134
2135
4082
2135
4083
4084
2138
2140
2138
2141
2142
3138
2140
2141
2142
3140
2142
3142
2145
2147
2145
2148
2149
3144
3740
2147
2148
2149
3742
2149
3147
3148
3744
2152
2154
2152
2155
2156
2158
3158
2154
2155
2156
2160
2156
3161
2162
3162
2159
2161
2159
2162
2163
3165
2161
2162
2163
2163
3168
3169
2166
2168
2166
2169
2170
2185
4202
2168
2169
2170
4204
2170
2188
2189
4206
2173
2175
3153
2173
2176
2177
2179
4068
2175
2176
3156
2177
2181
3157
2177
4071
2183
4072
2180
2182
3748
2180
2183
2184
3753
2182
2183
3751
2184
2297
3752
2184
2298
3756
2299
3757
2187
2189
2187
2190
2191
2213
4062
2189
2190
2191
4064
2191
2216
2217
4066
2194
2196
2194
2197
4063
2198
3172
2196
2197
4065
2198
2198
3175
4067
3176
2201
2203
3160
2201
2204
2205
2207
2234
2203
2204
3163
2205
2209
3164
2205
2237
2211
2238
2208
2210
3167
2208
2211
2212
3179
2210
2211
3170
2212
3171
2212
3182
3183
2215
2217
2215
2218
2219
3761
2217
2218
2219
3763
2219
3765
2222
2224
4070
2222
2225
2226
2228
2248
2224
2225
4073
2226
2230
4074
2226
2251
2232
2252
2229
2231
3755
2229
2232
2233
3186
2231
2232
3758
2233
2304
3759
2233
2305
3189
2306
3190
2236
2238
2236
2239
2240
3180
3193
2238
2239
2240
3182
2240
3196
3184
3197
2243
2245
3762
2243
2246
2247
3200
2245
2246
3765
2247
3766
2247
3203
3204
2250
2252
2250
2253
2254
2255
3187
2252
2253
2254
3189
2254
2258
2259
3191
2257
2259
2257
2260
2261
3207
3768
2259
2260
2261
3770
2261
3210
3211
3772
2264
2266
3195
2264
2267
2268
3775
2266
2267
3198
2268
3199
3777
2268
3779
2271
2273
2271
2274
3776
2275
2277
3221
2273
2274
3778
2275
2279
2275
3224
3780
2281
3225
2278
2280
2278
2281
2282
2284
3228
2280
2281
2282
2286
2282
3231
2288
3232
2285
2287
3202
2285
2288
2289
3235
4209
2287
2288
3205
2289
3206
4211
2289
3238
3239
4213
2292
2294
2292
2295
2296
3208
2294
2295
2296
3210
2296
3212
2299
2301
2299
2302
2303
3270
2301
2302
2303
2303
3273
3274
2306
2308
3272
2306
2309
2310
3277
2308
2309
3275
2310
2423
3276
2310
2424
3280
2425
3281
2313
2315
2313
2316
2317
2315
2316
2317
2317
2320
2322
2320
2323
2324
2322
2323
2324
3340
2324
3341
3342
2327
2329
2327
2330
3307
2331
3313
2329
2330
3309
2331
3315
2331
3311
3317
2334
2336
3267
2334
2337
3268
3853
2338
3269
3320
2336
2337
3855
2338
3322
2338
3857
3324
2341
2343
3860
2341
2344
2345
2346
2343
2344
3863
2345
3864
2345
2349
2350
2348
2350
2348
2351
2352
2350
2351
2352
2352
2355
2357
2355
2358
2359
2361
2381
2357
2358
2359
2363
2359
2384
2365
2385
2362
2364
2362
2365
2366
2368
2388
2364
2365
2366
2370
2366
2391
2372
2392
2369
2371
2369
2372
2373
2395
2371
2372
2373
2373
2398
2399
2376
2378
2376
2379
2380
2378
2379
2380
2380
2383
2385
2383
2386
2387
2389
2402
2385
2386
2387
2391
2387
2405
2393
2406
2390
2392
2390
2393
2394
2396
2409
2392
2393
2394
2398
2394
2412
2400
2413
2397
2399
2397
2400
2401
2416
2399
2400
2401
2401
2419
2420
2404
2406
2404
2407
2408
2410
2406
2407
2408
2412
2408
2414
2411
2413
2411
2414
2415
2417
2413
2414
2415
2419
2415
2421
2418
2420
2418
2421
2422
2420
2421
2422
2422
2425
2427
2425
2428
2429
3865
2427
2428
2429
2429
3868
3869
2432
2434
2432
2435
2436
2434
2435
2436
2436
2439
2441
2439
2442
2443
2441
2442
2443
2443
2446
2448
3288
2446
2449
3289
2450
3290
2448
2449
2450
2450
2453
2455
3295
2453
2456
3296
2457
3297
2455
2456
2457
2457
2460
2462
3302
2460
2463
3303
2464
3304
3327
2462
2463
2464
3329
2464
3331
2467
2469
2467
2470
3335
2471
3341
2469
2470
3337
2471
3343
2471
3339
3345
2474
2476
3316
2474
2477
3317
2478
3318
2476
2477
2478
2528
2478
2529
2530
2481
2483
2481
2484
2485
2493
2483
2484
2485
2485
2496
2497
2488
2490
2488
2491
2492
2500
2490
2491
2492
2492
2503
2504
2495
2497
2495
2498
2499
2507
2497
2498
2499
2499
2510
2511
2502
2504
2502
2505
2506
2514
2504
2505
2506
2506
2517
2518
2509
2511
2509
2512
2513
2511
2512
2513
2513
2516
2518
2516
2519
2520
2518
2519
2520
2520
2523
2525
3344
2523
2526
3345
2527
3346
3355
2525
2526
2527
3357
3382
2527
3383
3359
3384
2530
2532
2530
2533
2534
3362
2532
2533
2534
3364
3403
2534
3404
3366
3405
2537
2539
2537
2540
3363
2541
2539
2540
3365
2541
2541
3367
2544
2546
2544
2547
2548
2546
2547
2548
3410
2548
3411
3412
2551
2553
2551
2554
2555
2553
2554
2555
3424
2555
3425
3426
2558
2560
2558
2561
2562
2570
2560
2561
2562
2640
2562
2573
2641
2574
2642
2565
2567
2565
2568
2569
2577
2567
2568
2569
2647
2569
2580
2648
2581
2649
2572
2574
2572
2575
2576
2584
2574
2575
2576
2654
2576
2587
2655
2588
2656
2579
2581
2579
2582
2583
2591
2581
2582
2583
2668
2583
2594
2669
2595
2670
2586
2588
2586
2589
2590
2588
2589
2590
2675
2590
2676
2677
2593
2595
2593
2596
2597
2595
2596
2597
2682
2597
2683
2684
2600
2602
2600
2603
2604
2602
2603
2604
3438
2604
3439
3440
2607
2609
3351
2607
2610
3352
2611
2612
3353
2609
2610
2611
3445
2611
2615
3446
2616
3447
2614
2616
3876
2614
2617
3877
2618
3369
3878
2616
2617
2618
3371
3452
2618
3453
3373
3454
2621
2623
2621
2624
3370
2625
2623
2624
3372
2625
3893
2625
3374
3894
3895
2628
2630
2628
2631
2632
2630
2631
2632
3466
2632
3467
3468
2635
2637
2635
2638
2639
2637
2638
2639
2639
2642
2644
2642
2645
2646
2654
2644
2645
2646
2724
2646
2657
2725
2658
2726
2649
2651
2649
2652
2653
2668
2651
2652
2653
2731
2653
2671
2732
2672
2733
2656
2658
2656
2659
2660
2675
2658
2659
2660
2738
2660
2678
2739
2679
2740
2663
2665
2663
2666
2667
2665
2666
2667
2667
2670
2672
2670
2673
2674
2682
2672
2673
2674
2745
2674
2685
2746
2686
2747
2677
2679
2677
2680
2681
2679
2680
2681
2752
2681
2753
2754
2684
2686
2684
2687
2688
2686
2687
2688
2759
2688
2760
2761
2691
2693
3386
2691
2694
3387
3475
2695
3388
2693
2694
3477
2695
2787
2695
2788
3479
2789
2698
2700
3407
2698
2701
3408
2702
3409
2700
2701
2702
2702
2705
2707
2705
2708
2709
3481
2707
2708
2709
3483
2709
3485
2712
2714
3414
3909
2712
2715
3415
2716
3416
2714
2715
3912
2716
3913
2716
2719
2721
3428
2719
2722
3429
2723
3430
2721
2722
2723
2723
2726
2728
2726
2729
2730
2738
2728
2729
2730
2730
2741
2742
2733
2735
2733
2736
2737
2745
2735
2736
2737
2737
2748
2749
2740
2742
2740
2743
2744
2752
2742
2743
2744
2744
2755
2756
2747
2749
2747
2750
2751
2759
2749
2750
2751
2751
2762
2763
2754
2756
2754
2757
2758
2756
2757
2758
2758
2761
2763
2761
2764
2765
2763
2764
2765
2765
2768
2770
3449
2768
2771
3450
2772
2773
3451
2770
2771
2772
3942
2772
2776
3943
2777
3944
2775
2777
3456
2775
2778
3457
2779
3458
2777
2778
2779
3536
2779
3537
3538
2782
2784
3897
2782
2785
3898
2786
3899
2784
2785
2786
4250
2786
4251
4252
2789
2791
2789
2792
2793
2795
2791
2792
2793
2797
2793
2799
2796
2798
2796
2799
2800
2802
2798
2799
2800
2804
2800
2806
2803
2805
2803
2806
2807
3516
2805
2806
2807
3518
2807
3520
2810
2812
2810
2813
2814
2812
2813
2814
2814
2817
2819
2817
2820
2821
2819
2820
2821
2821
2824
2826
2824
2827
2828
2836
2826
2827
2828
2828
2839
2840
2831
2833
2831
2834
2835
2843
2833
2834
2835
2835
2846
2847
2838
2840
2838
2841
2842
2850
2840
2841
2842
2842
2853
2854
2845
2847
2845
2848
2849
2857
2847
2848
2849
2849
2860
2861
2852
2854
2852
2855
2856
2854
2855
2856
2856
2859
2861
2859
2862
2863
2861
2862
2863
2863
2866
2868
3524
2866
2869
2870
3529
2868
2869
3527
2870
2948
3528
2870
2949
3532
2950
3533
2873
2875
3498
2873
2876
3499
2877
3500
3544
2875
2876
2877
3546
2877
3548
2880
2882
2880
2883
2884
2882
2883
2884
2955
2884
2956
2957
2887
2889
2887
2890
2891
2892
2889
2890
2891
2891
2895
2896
2894
2896
2894
2897
2898
2896
2897
2898
3585
2898
3586
3587
2901
2903
2901
2904
2905
2903
2904
2905
2905
2908
2910
2908
2911
2912
2920
2910
2911
2912
2912
2923
2924
2915
2917
2915
2918
2919
2927
2917
2918
2919
2919
2930
2931
2922
2924
2922
2925
2926
2934
2924
2925
2926
2926
2937
2938
2929
2931
2929
2932
2933
2941
2931
2932
2933
2933
2944
2945
2936
2938
2936
2939
2940
2938
2939
2940
2940
2943
2945
2943
2946
2947
2945
2946
2947
2947
2950
2952
3972
2950
2953
2954
2952
2953
3975
2954
2983
3976
2954
2984
2985
2957
2959
2957
2960
2961
3558
2959
2960
2961
3560
2961
3562
2964
2966
2964
2967
2968
2966
2967
2968
3620
2968
3621
3622
2971
2973
2971
2974
2975
3579
2973
2974
2975
3581
4264
2975
4265
3583
4266
2978
2980
3554
2978
2981
3555
2982
3556
3599
2980
2981
2982
3641
2982
3602
3642
3603
3643
2985
2987
3601
2985
2988
2989
2987
2988
3604
2989
3605
3669
2989
3670
3671
2992
2994
3608
2992
2995
2996
2994
2995
3611
2996
3612
3704
2996
3705
3706
2999
3001
2999
3002
4028
3003
3005
3001
3002
4030
3003
3007
3003
4032
3009
3006
3008
3568
3006
3009
3569
3010
3570
3628
3008
3009
3010
3630
3010
3632
3013
3015
3575
3013
3016
3576
3629
3017
3577
3635
3015
3016
3631
3017
3637
3017
3633
3639
3020
3022
3020
3023
3024
3032
3022
3023
3024
3024
3035
3036
3027
3029
3027
3030
3031
3039
3029
3030
3031
3031
3042
3043
3034
3036
3034
3037
3038
3046
3036
3037
3038
3038
3049
3050
3041
3043
3041
3044
3045
3053
3043
3044
3045
3045
3056
3057
3048
3050
3048
3051
3052
3060
3050
3051
3052
3052
3063
3064
3055
3057
3055
3058
3059
3074
3057
3058
3059
3059
3077
3078
3062
3064
3062
3065
3066
3068
3081
3064
3065
3066
3070
3066
3084
3072
3085
3069
3071
3069
3072
3073
3075
3655
3071
3072
3073
3077
3073
3658
3079
3659
3076
3078
3076
3079
3080
3078
3079
3080
3080
3083
3085
3083
3086
3087
3656
3085
3086
3087
3658
3087
3660
3090
3092
3090
3093
3678
3094
3092
3093
3680
3094
3094
3682
3097
3099
3097
3100
3699
3101
3718
3099
3100
3701
3101
3101
3703
3721
3722
3104
3106
3104
3107
3108
3106
3107
3108
3108
3111
3113
3111
3114
3115
3113
3114
3115
3115
3118
3120
3118
3121
3122
3732
3120
3121
3122
3122
3735
3736
3125
3127
3125
3128
3129
3127
3128
3129
3129
3132
3134
3132
3135
3136
3134
3135
3136
3136
3139
3141
3139
3142
3143
3733
3141
3142
3143
3735
3143
3737
3146
3148
3146
3149
3150
3152
3148
3149
3150
3154
3150
3156
3153
3155
3741
3153
3156
3157
3747
3155
3156
3744
3157
3745
3749
3157
3751
3160
3162
3160
3163
3164
3166
3162
3163
3164
3168
3164
3170
3167
3169
3167
3170
3171
3169
3170
3171
3171
3174
3176
3174
3177
3762
3178
3176
3177
3764
3178
3178
3766
3181
3183
3181
3184
3185
3183
3184
3185
3185
3188
3190
3188
3191
3192
3767
3190
3191
3192
3277
3192
3278
3770
3279
3771
3195
3197
3195
3198
3199
3197
3198
3199
3199
3202
3204
3202
3205
3206
3204
3205
3206
3206
3209
3211
3209
3212
3213
3242
3782
3211
3212
3213
3784
3213
3245
3246
3786
3216
3218
3776
3216
3219
3220
3222
3218
3219
3779
3220
3224
3780
3220
3226
3223
3225
3223
3226
3227
3229
3225
3226
3227
3231
3227
3233
3230
3232
3230
3233
3234
3236
3232
3233
3234
3238
3234
3240
3237
3239
3237
3240
3241
4076
3239
3240
3241
3284
4078
3241
3285
3286
4080
3244
3246
3244
3247
3248
3246
3247
3248
3298
3248
3299
3300
3251
3253
3251
3254
3255
4082
3253
3254
3255
3844
3255
3845
4085
3846
4086
3258
3260
3258
3261
3262
3810
3260
3261
3262
3312
3812
3262
3313
3314
3814
3265
3267
3265
3268
3811
3269
3267
3268
3813
3269
3269
3815
3272
3274
3757
3272
3275
3758
3276
3759
3274
3275
3276
3276
3279
3281
3279
3282
3283
3823
3281
3282
3283
3865
3283
3826
3866
3827
3867
3286
3288
3286
3289
3290
3288
3289
3290
3290
3293
3295
3792
3293
3296
3793
3297
3794
3295
3296
3297
3297
3300
3302
3300
3303
3839
3304
3302
3303
3841
3304
3304
3843
3307
3309
3806
3307
3310
3807
3311
3808
3309
3310
3311
3311
3314
3316
3314
3317
3318
3852
3316
3317
3318
3854
3318
3856
3321
3323
3321
3324
3325
3323
3324
3325
3325
3328
3330
3328
3331
3332
3330
3331
3332
3879
3332
3880
3881
3335
3337
3848
3335
3338
3849
3339
3850
3337
3338
3339
3339
3342
3344
3342
3345
3346
3344
3345
3346
3346
3349
3351
3349
3352
3353
3872
3351
3352
3353
3353
3875
3876
3356
3358
3356
3359
3360
3358
3359
3360
3389
3360
3390
3391
3363
3365
3363
3366
3367
3365
3366
3367
3367
3370
3372
3370
3373
3374
3372
3373
3374
3374
3377
3379
3377
3380
3381
3410
3379
3380
3381
3907
3381
3413
3908
3414
3909
3384
3386
3384
3387
3388
3390
3386
3387
3388
3392
3388
3394
3391
3393
3391
3394
3395
3887
3393
3394
3395
3889
3395
3891
3398
3400
3398
3401
3888
3402
3404
3400
3401
3890
3402
3406
3402
3892
3408
3405
3407
3405
3408
3409
3407
3408
3409
3409
3412
3414
3412
3415
3416
3417
3414
3415
3416
3416
3420
3421
3419
3421
3419
3422
3423
3424
3421
3422
3423
3423
3427
3428
3426
3428
3426
3429
3430
3431
3428
3429
3430
3430
3434
3435
3433
3435
3433
3436
3437
3435
3436
3437
3437
3440
3442
3440
3443
3444
3442
3443
3444
4236
3444
4237
4238
3447
3449
3447
3450
3451
3452
3449
3450
3451
3451
3455
3456
3454
3456
3454
3457
3458
3456
3457
3458
3458
3461
3463
3461
3464
3895
3465
3467
3463
3464
3897
3465
3469
3465
3899
3471
3468
3470
3468
3471
3472
3470
3471
3472
3494
3472
3495
3496
3475
3477
3475
3478
3909
3479
3477
3478
3911
3479
3479
3913
3482
3484
3482
3485
3486
3915
3484
3485
3486
3917
3486
3919
3489
3491
3489
3492
3493
3921
3491
3492
3493
3529
3493
3530
3924
3531
3925
3496
3498
3496
3499
3500
3498
3499
3500
3500
3503
3505
3503
3506
3507
3505
3506
3507
3507
3510
3512
3510
3513
3514
3929
3512
3513
3514
3931
3514
3933
3517
3519
3517
3520
3521
3519
3520
3521
3521
3524
3526
3937
3524
3527
3528
3526
3527
3940
3528
3941
3970
3528
3971
3972
3531
3533
3531
3534
3535
3533
3534
3535
3535
3538
3540
3944
3538
3541
3542
3950
3540
3541
3947
3542
3948
3952
3542
3954
3545
3547
3545
3548
3549
3957
3547
3548
3549
3959
3549
3961
3552
3554
3939
3552
3555
3940
3556
3941
3970
3554
3555
3556
3556
3973
3974
3559
3561
3559
3562
3563
3978
3561
3562
3563
3613
3980
3563
3614
3615
3982
3566
3568
3566
3569
3570
3985
3568
3569
3570
3987
3570
3989
3573
3575
3573
3576
3986
3577
3992
3575
3576
3988
3577
3994
3577
3990
3996
3580
3582
3580
3583
3584
3592
3582
3583
3584
3584
3595
3596
3587
3589
3587
3590
3591
3589
3590
3591
3591
3594
3596
3594
3597
3598
3596
3597
3598
4271
3598
4272
4273
3601
3603
3974
3601
3604
3975
3605
3976
3603
3604
3605
3648
3605
3649
3650
3608
3610
4000
3608
3611
3612
3610
3611
4003
3612
3690
4004
3612
3691
3692
3615
3617
3615
3618
3619
4174
3617
3618
3619
4176
3619
4178
3622
3624
3622
3625
4021
3626
4027
3624
3625
4023
3626
4029
3626
4025
4031
3629
3631
3988
3629
3632
3989
3633
3990
3631
3632
3633
3633
3636
3638
3995
3636
3639
3996
3640
3997
4034
4040
3638
3639
3640
4036
3640
4043
4038
4044
3643
3645
3643
3646
3647
3648
3645
3646
3647
3647
3651
3652
3650
3652
3650
3653
3654
3669
3652
3653
3654
3654
3672
3673
3657
3659
3657
3660
3661
3676
3659
3660
3661
3661
3679
3680
3664
3666
3664
3667
3668
3666
3667
3668
3668
3671
3673
3671
3674
3675
3673
3674
3675
3675
3678
3680
3678
3681
3682
3680
3681
3682
3682
3685
3687
3685
3688
3689
4048
3687
3688
3689
4050
3689
4052
3692
3694
4196
3692
3695
3696
3704
3694
3695
4199
3696
4200
3696
3707
3708
3699
3701
3699
3702
3703
3711
3701
3702
3703
3703
3714
3715
3706
3708
3706
3709
3710
3708
3709
3710
3710
3713
3715
4009
3713
3716
4010
3717
3719
4011
3715
3716
3717
3721
3717
3723
3720
3722
3720
3723
3724
3726
3722
3723
3724
3728
3724
3730
3727
3729
4016
3727
3730
4017
3731
4018
3729
3730
3731
3731
3734
3736
3734
3737
3738
4055
3736
3737
3738
4057
3738
4059
3741
3743
3741
3744
3745
3743
3744
3745
3745
3748
3750
3748
3751
3752
3750
3751
3752
3752
3755
3757
3755
3758
4070
3759
3757
3758
4072
3759
3759
4074
3762
3764
4063
3762
3765
3766
3764
3765
4066
3766
4067
3766
3769
3771
3769
3772
3773
3781
3771
3772
3773
3823
3773
3784
3824
3785
3825
3776
3778
3776
3779
3780
3778
3779
3780
3780
3783
3785
3783
3786
3787
3785
3786
3787
3830
3787
3831
3832
3790
3792
3790
3793
4077
3794
3796
3792
3793
4079
3794
3798
3794
4081
3800
3797
3799
3797
3800
3801
3799
3800
3801
3801
3804
3806
3804
3807
3808
3806
3807
3808
3808
3811
3813
3811
3814
3815
3813
3814
3815
3851
3815
3852
3853
3818
3820
3818
3821
3822
3820
3821
3822
3822
3825
3827
3825
3828
3829
3830
3827
3828
3829
4089
3829
3833
4090
3834
4091
3832
3834
3832
3835
3836
3834
3835
3836
3836
3839
3841
3839
3842
3843
3841
3842
3843
3843
3846
3848
3846
3849
3850
3858
3848
3849
3850
3850
3861
3862
3853
3855
3853
3856
3857
3855
3856
3857
3857
3860
3862
4086
3860
3863
4087
3864
4088
3862
3863
3864
3864
3867
3869
3867
3870
3871
4089
3869
3870
3871
3871
4092
4093
3874
3876
3874
3877
3878
3876
3877
3878
3878
3881
3883
4098
3881
3884
3885
3883
3884
4101
3885
4102
3885
3888
3890
3888
3891
3892
3890
3891
3892
3892
3895
3897
3895
3898
3899
3897
3898
3899
3899
3902
3904
3902
3905
3906
3904
3905
3906
3928
3906
3929
3930
3909
3911
3909
3912
3913
3911
3912
3913
3913
3916
3918
4226
3916
3919
4227
3920
4228
3918
3919
3920
4124
3920
4125
4126
3923
3925
4233
3923
3926
4234
3927
4235
3925
3926
3927
3927
3930
3932
3930
3933
3934
3932
3933
3934
3963
3934
3964
3965
3937
3939
4121
3937
3940
4122
3941
4123
3939
3940
3941
3941
3944
3946
4133
3944
3947
3948
3946
3947
4136
3948
4137
3948
3951
3953
3951
3954
3955
4251
3953
3954
3955
4253
3955
4255
3958
3960
3958
3961
3962
3960
3961
3962
3962
3965
3967
4245
3965
3968
3969
3967
3968
4248
3969
3977
4249
3969
3978
3979
3972
3974
3972
3975
3976
3974
3975
3976
3976
3979
3981
4154
3979
3982
3983
3981
3982
4157
3983
4158
4173
3983
4174
4175
3986
3988
3986
3989
3990
3988
3989
3990
3990
3993
3995
3993
3996
3997
3995
3996
3997
3997
4000
4002
4149
4000
4003
4150
4004
4151
4002
4003
4004
4194
4004
4195
4196
4007
4009
4007
4010
4011
4009
4010
4011
4011
4014
4016
4014
4017
4018
4167
4016
4017
4018
4169
4018
4171
4021
4023
4021
4024
4025
4023
4024
4025
4025
4028
4030
4028
4031
4032
4180
4030
4031
4032
4032
4183
4184
4035
4037
4035
4038
4039
4265
4037
4038
4039
4267
4039
4269
4042
4044
4042
4045
4046
4044
4045
4046
4046
4049
4051
4049
4052
4053
4051
4052
4053
4053
4056
4058
4056
4059
4060
4058
4059
4060
4060
4063
4065
4203
4063
4066
4067
4065
4066
4206
4067
4207
4067
4070
4072
4070
4073
4074
4072
4073
4074
4074
4077
4079
4210
4077
4080
4081
4079
4080
4213
4081
4214
4081
4084
4086
4084
4087
4088
4086
4087
4088
4088
4091
4093
4091
4094
4095
4093
4094
4095
4095
4098
4100
4098
4101
4102
4100
4101
4102
4103
4102
4104
4105
4105
4107
4217
4105
4108
4109
4107
4108
4220
4109
4221
4109
4112
4114
4224
4112
4115
4116
4114
4115
4227
4116
4228
4116
4119
4121
4119
4122
4123
4121
4122
4123
4123
4126
4128
4126
4129
4130
4128
4129
4130
4130
4133
4135
4133
4136
4137
4135
4136
4137
4145
4137
4146
4147
4140
4142
4140
4143
4144
4142
4143
4144
4144
4147
4149
4147
4150
4151
4149
4150
4151
4151
4154
4156
4247
4259
4154
4157
4248
4158
4249
4156
4157
4262
4158
4263
4158
4161
4163
4254
4161
4164
4255
4165
4256
4163
4164
4165
4165
4168
4170
4168
4171
4172
4170
4171
4172
4172
4175
4177
4175
4178
4179
4177
4178
4179
4179
4182
4184
4182
4185
4186
4184
4185
4186
4186
4189
4191
4266
4189
4192
4193
4272
4191
4192
4269
4193
4270
4274
4193
4276
4196
4198
4196
4199
4200
4198
4199
4200
4200
4203
4205
4203
4206
4207
4205
4206
4207
4207
4210
4212
4210
4213
4214
4212
4213
4214
4214
4217
4219
4217
4220
4221
4219
4220
4221
4229
4221
4230
4231
4224
4226
4224
4227
4228
4226
4227
4228
4228
4231
4233
4231
4234
4235
4233
4234
4235
4235
4238
4240
4238
4241
4242
4240
4241
4242
4242
4245
4247
4245
4248
4249
4247
4248
4249
4249
4252
4254
4252
4255
4256
4254
4255
4256
4256
4259
4261
4259
4262
4263
4261
4262
4263
4263
4266
4268
4266
4269
4270
4268
4269
4270
4270
4273
4275
4273
4276
4277
4275
4276
4277
4277
4280
4282
4280
4283
4284
4282
4283
4284
4284
)


// ************************************************************************* //
