/*--------------------------------*- C++ -*----------------------------------*\
| =========                 |                                                 |
| \\      /  F ield         | OpenFOAM: The Open Source CFD Toolbox           |
|  \\    /   O peration     | Version:  2506                                  |
|   \\  /    A nd           | Website:  www.openfoam.com                      |
|    \\/     M anipulation  |                                                 |
\*---------------------------------------------------------------------------*/
FoamFile
{
    version     2.0;
    format      ascii;
    arch        "LSB;label=32;scalar=64";
    class       vectorField;
    location    "2/polyMesh";
    object      points;
}
// * * * * * * * * * * * * * * * * * * * * * * * * * * * * * * * * * * * * * //


2873
(
(-0.0492733 -0.15 -0.194162)
(0.000211993 -0.15 -0.20057)
(0.0492733 -0.15 -0.194162)
(-0.0474386 -0.102816 -0.19416)
(2.61818e-05 -0.102529 -0.199804)
(0.047451 -0.102816 -0.194156)
(-0.0474548 -0.0506412 -0.194155)
(3.93368e-06 -0.0505778 -0.199804)
(0.047458 -0.0506412 -0.194155)
(-0.0474558 5.06114e-10 -0.194155)
(3.86254e-11 -7.36755e-12 -0.199804)
(0.0474558 -5.09126e-10 -0.194155)
(-0.047458 0.0506412 -0.194155)
(-3.93375e-06 0.0505778 -0.199804)
(0.0474548 0.0506412 -0.194155)
(-0.047451 0.102816 -0.194156)
(-2.6182e-05 0.102529 -0.199804)
(0.0474386 0.102816 -0.19416)
(-0.0492733 0.15 -0.194162)
(-0.000211993 0.15 -0.20057)
(0.0492733 0.15 -0.194162)
(-0.101321 -0.15 -0.151399)
(-0.0509908 -0.15 -0.152691)
(2.61164e-05 -0.15 -0.152229)
(0.0510033 -0.15 -0.152691)
(0.101322 -0.15 -0.151399)
(-0.100805 -0.103186 -0.151482)
(-0.0507471 -0.10304 -0.152075)
(1.45777e-05 -0.102922 -0.152276)
(0.0507575 -0.10304 -0.152074)
(0.100806 -0.103186 -0.151482)
(-0.100532 -0.0508151 -0.151088)
(-0.0505787 -0.0510266 -0.15158)
(3.95659e-06 -0.0510862 -0.151918)
(0.0505824 -0.0510266 -0.15158)
(0.100532 -0.0508151 -0.151088)
(-0.10052 8.69094e-10 -0.151067)
(-0.0505645 -7.36964e-09 -0.151528)
(1.41431e-08 1.67175e-08 -0.151865)
(0.0505646 -3.43783e-09 -0.151528)
(0.10052 1.59978e-09 -0.151067)
(-0.100532 0.0508151 -0.151088)
(-0.0505824 0.0510268 -0.15158)
(-3.94209e-06 0.0510866 -0.151918)
(0.0505787 0.0510268 -0.151581)
(0.100532 0.0508152 -0.151088)
(-0.100806 0.103186 -0.151482)
(-0.0507576 0.10304 -0.152074)
(-1.45472e-05 0.102922 -0.152276)
(0.0507472 0.10304 -0.152075)
(0.100805 0.103186 -0.151482)
(-0.101321 0.15 -0.1514)
(-0.0510033 0.15 -0.152691)
(-2.61158e-05 0.15 -0.152229)
(0.0509908 0.15 -0.152691)
(0.101321 0.15 -0.151399)
(-0.15138 -0.15 -0.101478)
(-0.101464 -0.15 -0.101512)
(-0.0504497 -0.15 -0.10088)
(3.96174e-06 -0.15 -0.100612)
(0.0504531 -0.15 -0.10088)
(0.101465 -0.15 -0.101512)
(0.15138 -0.15 -0.101478)
(-0.151448 -0.103182 -0.100874)
(-0.101197 -0.102985 -0.101238)
(-0.0505585 -0.102861 -0.10115)
(4.2961e-06 -0.102839 -0.101037)
(0.0505633 -0.102861 -0.10115)
(0.101198 -0.102985 -0.101238)
(0.151448 -0.103182 -0.100874)
(-0.151078 -0.0508122 -0.100554)
(-0.100853 -0.0512007 -0.100883)
(-0.0505309 -0.0514004 -0.101155)
(2.16598e-06 -0.0514825 -0.101188)
(0.0505337 -0.0514004 -0.101155)
(0.100854 -0.0512007 -0.100883)
(0.151078 -0.0508122 -0.100554)
(-0.151064 6.9231e-09 -0.10053)
(-0.100807 4.31328e-08 -0.100829)
(-0.0505219 2.72537e-08 -0.101149)
(4.93934e-08 5.00433e-08 -0.101222)
(0.0505222 3.13463e-08 -0.101149)
(0.100807 4.42928e-08 -0.100829)
(0.151064 1.01103e-08 -0.10053)
(-0.151078 0.0508123 -0.100554)
(-0.100854 0.0512008 -0.100883)
(-0.0505335 0.0514005 -0.101155)
(-2.09104e-06 0.0514826 -0.101187)
(0.0505311 0.0514006 -0.101155)
(0.100853 0.0512011 -0.100884)
(0.151078 0.0508124 -0.100554)
(-0.151448 0.103182 -0.100874)
(-0.101198 0.102985 -0.101238)
(-0.0505632 0.102861 -0.10115)
(-4.17163e-06 0.102839 -0.101037)
(0.0505585 0.102861 -0.10115)
(0.101197 0.102985 -0.101238)
(0.151449 0.103185 -0.100875)
(-0.15138 0.15 -0.101478)
(-0.101465 0.15 -0.101512)
(-0.0504531 0.15 -0.10088)
(-3.96129e-06 0.15 -0.100612)
(0.0504497 0.15 -0.10088)
(0.101464 0.15 -0.101512)
(0.15138 0.15 -0.101478)
(-0.194557 -0.15 -0.0491119)
(-0.152685 -0.15 -0.0511487)
(-0.100872 -0.15 -0.0504927)
(-0.0501583 -0.15 -0.0501646)
(4.11048e-07 -0.15 -0.050085)
(0.0501588 -0.15 -0.0501646)
(0.100872 -0.15 -0.0504928)
(0.152685 -0.15 -0.051149)
(0.194557 -0.15 -0.0491119)
(-0.194089 -0.102835 -0.0474533)
(-0.152037 -0.103038 -0.0508145)
(-0.101134 -0.10286 -0.0505976)
(-0.0503956 -0.102846 -0.0504076)
(1.13937e-06 -0.10285 -0.0503423)
(0.0503972 -0.102846 -0.0504076)
(0.101135 -0.10286 -0.0505977)
(0.152037 -0.103038 -0.0508148)
(0.194089 -0.102835 -0.0474536)
(-0.194087 -0.0506435 -0.0474589)
(-0.151544 -0.0510264 -0.0505919)
(-0.101142 -0.0514004 -0.0505502)
(-0.0505182 -0.0516422 -0.0505284)
(1.26016e-06 -0.0516932 -0.0505175)
(0.0505202 -0.0516422 -0.0505284)
(0.101143 -0.0514004 -0.0505503)
(0.151544 -0.0510264 -0.050592)
(0.194087 -0.0506435 -0.047459)
(-0.194088 9.99344e-10 -0.0474543)
(-0.151495 9.59095e-08 -0.0505654)
(-0.101138 1.44793e-07 -0.0505327)
(-0.0505615 1.08148e-07 -0.0505692)
(5.97681e-07 8.95311e-08 -0.0505786)
(0.0505625 1.11427e-07 -0.0505692)
(0.101139 1.51789e-07 -0.0505327)
(0.151495 1.00502e-07 -0.0505654)
(0.194088 -1.40082e-13 -0.0474543)
(-0.194087 0.0506435 -0.047459)
(-0.151544 0.0510272 -0.0505921)
(-0.101142 0.0514009 -0.0505502)
(-0.0505192 0.0516425 -0.0505284)
(-3.03085e-07 0.0516934 -0.0505175)
(0.050519 0.0516425 -0.0505284)
(0.101142 0.0514009 -0.0505503)
(0.151544 0.0510272 -0.0505921)
(0.194087 0.0506435 -0.047459)
(-0.194089 0.102835 -0.0474536)
(-0.152037 0.10304 -0.0508148)
(-0.101134 0.102861 -0.0505976)
(-0.0503968 0.102846 -0.0504076)
(-8.19787e-07 0.10285 -0.0503423)
(0.0503958 0.102846 -0.0504076)
(0.101134 0.102861 -0.0505977)
(0.152036 0.10304 -0.0508148)
(0.194089 0.102835 -0.0474536)
(-0.194557 0.15 -0.0491119)
(-0.152685 0.15 -0.051149)
(-0.100872 0.15 -0.0504928)
(-0.0501587 0.15 -0.0501646)
(-4.09065e-07 0.15 -0.050085)
(0.0501583 0.15 -0.0501646)
(0.100872 0.15 -0.0504928)
(0.152685 0.15 -0.051149)
(0.194557 0.15 -0.0491119)
(-0.200235 -0.15 -0.000150077)
(-0.152231 -0.15 -5.84042e-05)
(-0.100611 -0.15 -1.26898e-05)
(-0.0500841 -0.15 -1.69602e-06)
(5.32566e-08 -0.15 -3.20876e-07)
(0.0500842 -0.15 -1.71655e-06)
(0.100611 -0.15 -1.28897e-05)
(0.152231 -0.15 -5.97258e-05)
(0.200235 -0.15 -0.000160459)
(-0.199854 -0.102529 -2.93657e-05)
(-0.152275 -0.102917 -2.93027e-05)
(-0.101034 -0.102838 -1.21494e-05)
(-0.0503389 -0.10285 -3.89256e-06)
(7.71366e-07 -0.102857 -2.12711e-06)
(0.0503401 -0.10285 -3.97005e-06)
(0.101035 -0.102838 -1.23979e-05)
(0.152276 -0.102917 -3.00647e-05)
(0.199854 -0.102529 -3.06863e-05)
(-0.199853 -0.0505775 7.0581e-06)
(-0.151916 -0.0510855 -8.56023e-07)
(-0.101188 -0.0514824 -2.88175e-06)
(-0.0505153 -0.0516933 -2.30799e-06)
(1.68571e-06 -0.0517364 -2.09277e-06)
(0.050518 -0.0516933 -2.44192e-06)
(0.101189 -0.0514824 -3.09965e-06)
(0.151917 -0.0510856 -1.09325e-06)
(0.199853 -0.0505775 6.86347e-06)
(-0.199853 2.06011e-09 1.14942e-05)
(-0.151866 2.12233e-07 5.12046e-06)
(-0.101226 2.49108e-07 1.14057e-06)
(-0.0505783 1.51994e-07 -6.39575e-07)
(1.85994e-06 1.14747e-07 -1.31386e-06)
(0.0505813 1.57925e-07 -7.8941e-07)
(0.101227 2.59008e-07 9.57075e-07)
(0.151866 2.12702e-07 5.03901e-06)
(0.199853 -1.84713e-14 1.14764e-05)
(-0.199853 0.0505775 6.86405e-06)
(-0.151917 0.0510872 -1.07396e-06)
(-0.101188 0.0514832 -3.03107e-06)
(-0.0505155 0.0516936 -2.34868e-06)
(1.2162e-06 0.0517366 -2.10633e-06)
(0.0505175 0.0516936 -2.4511e-06)
(0.101189 0.0514832 -3.14939e-06)
(0.151917 0.0510872 -1.11475e-06)
(0.199853 0.0505775 6.86347e-06)
(-0.199854 0.102529 -3.06864e-05)
(-0.152274 0.102922 -3.00575e-05)
(-0.101033 0.102839 -1.23587e-05)
(-0.050339 0.10285 -3.94154e-06)
(3.63036e-07 0.102857 -2.13797e-06)
(0.0503397 0.10285 -3.97355e-06)
(0.101034 0.102839 -1.23962e-05)
(0.152274 0.102922 -3.00739e-05)
(0.199854 0.102529 -3.06863e-05)
(-0.200235 0.15 -0.000160459)
(-0.152231 0.15 -5.97255e-05)
(-0.100611 0.15 -1.28896e-05)
(-0.0500841 0.15 -1.71666e-06)
(4.37552e-09 0.15 -3.22102e-07)
(0.0500842 0.15 -1.71657e-06)
(0.100611 0.15 -1.28897e-05)
(0.152231 0.15 -5.97258e-05)
(0.200235 0.15 -0.000160459)
(-0.193756 -0.15 0.0493799)
(-0.152644 -0.15 0.0510639)
(-0.100865 -0.15 0.0504707)
(-0.0501611 -0.15 0.0501597)
(4.84382e-07 -0.15 0.050083)
(0.0501615 -0.15 0.0501597)
(0.100865 -0.15 0.0504706)
(0.152644 -0.15 0.0510636)
(0.193756 -0.15 0.0493799)
(-0.194251 -0.102824 0.0474764)
(-0.152103 -0.103042 0.0507954)
(-0.10115 -0.102861 0.0505804)
(-0.0504042 -0.102846 0.0503995)
(2.17365e-06 -0.10285 0.0503367)
(0.0504074 -0.102846 0.0503994)
(0.101152 -0.102861 0.0505802)
(0.152103 -0.103042 0.0507951)
(0.194251 -0.102824 0.0474761)
(-0.194249 -0.0506416 0.0474874)
(-0.15164 -0.0510273 0.0506045)
(-0.101182 -0.0514011 0.0505504)
(-0.0505329 -0.0516425 0.0505257)
(4.20829e-06 -0.0516934 0.0505135)
(0.0505394 -0.0516425 0.0505253)
(0.101184 -0.0514011 0.05055)
(0.151641 -0.0510274 0.0506043)
(0.194249 -0.0506416 0.0474874)
(-0.19425 9.53512e-10 0.0474844)
(-0.151594 9.12379e-08 0.0505833)
(-0.101183 1.37852e-07 0.0505393)
(-0.0505788 1.04492e-07 0.0505704)
(5.11088e-06 8.70397e-08 0.0505769)
(0.0505866 1.22862e-07 0.0505699)
(0.101186 1.56105e-07 0.0505389)
(0.151595 9.25271e-08 0.0505832)
(0.19425 -2.9976e-15 0.0474844)
(-0.194249 0.0506416 0.0474874)
(-0.15164 0.051028 0.0506044)
(-0.101181 0.0514015 0.0505503)
(-0.0505329 0.0516427 0.0505256)
(4.08561e-06 0.0516935 0.0505135)
(0.0505392 0.0516428 0.0505253)
(0.101184 0.0514016 0.05055)
(0.151641 0.0510281 0.0506044)
(0.194249 0.0506416 0.0474874)
(-0.194251 0.102824 0.0474761)
(-0.152102 0.103044 0.0507952)
(-0.10115 0.102862 0.0505802)
(-0.0504042 0.102846 0.0503995)
(2.08794e-06 0.10285 0.0503367)
(0.0504072 0.102846 0.0503994)
(0.101151 0.102862 0.0505802)
(0.152102 0.103044 0.0507951)
(0.194251 0.102824 0.0474761)
(-0.193756 0.15 0.0493799)
(-0.152644 0.15 0.0510636)
(-0.100865 0.15 0.0504706)
(-0.0501611 0.15 0.0501597)
(4.82785e-07 0.15 0.050083)
(0.0501615 0.15 0.0501597)
(0.100865 0.15 0.0504706)
(0.152644 0.15 0.0510636)
(0.193756 0.15 0.0493799)
(-0.151309 -0.15 0.101479)
(-0.101481 -0.15 0.101502)
(-0.050479 -0.15 0.10086)
(4.67395e-06 -0.15 0.100601)
(0.050483 -0.15 0.10086)
(0.101481 -0.15 0.101502)
(0.151309 -0.15 0.101479)
(-0.151525 -0.103189 0.100889)
(-0.101245 -0.102987 0.101241)
(-0.0505897 -0.102862 0.101137)
(8.02327e-06 -0.102839 0.101026)
(0.0505995 -0.102862 0.101136)
(0.101248 -0.102987 0.101241)
(0.151526 -0.103192 0.100889)
(-0.151179 -0.0508159 0.100563)
(-0.10093 -0.0512022 0.100893)
(-0.0505584 -0.0514016 0.101159)
(1.13279e-05 -0.051483 0.101184)
(0.0505741 -0.0514017 0.101157)
(0.100935 -0.0512023 0.100892)
(0.151179 -0.050816 0.100563)
(-0.151167 7.03245e-09 0.100539)
(-0.100884 4.66741e-08 0.100844)
(-0.0505462 2.49147e-08 0.101158)
(1.25321e-05 3.30798e-08 0.101223)
(0.0505637 2.76438e-08 0.101156)
(0.10089 3.98944e-08 0.100843)
(0.151167 6.69523e-09 0.100539)
(-0.151179 0.0508162 0.100563)
(-0.10093 0.0512024 0.100893)
(-0.0505584 0.0514018 0.101159)
(1.13047e-05 0.051483 0.101184)
(0.0505741 0.0514018 0.101157)
(0.100935 0.0512026 0.100893)
(0.151179 0.0508162 0.100563)
(-0.151525 0.103189 0.100889)
(-0.101245 0.102987 0.101241)
(-0.0505897 0.102862 0.101136)
(8.01796e-06 0.102839 0.101026)
(0.0505994 0.102862 0.101136)
(0.101248 0.102987 0.101241)
(0.151526 0.103192 0.100889)
(-0.151309 0.15 0.101479)
(-0.101481 0.15 0.101502)
(-0.050479 0.15 0.10086)
(4.67394e-06 0.15 0.100601)
(0.050483 0.15 0.10086)
(0.101481 0.15 0.101502)
(0.151309 0.15 0.101479)
(-0.101485 -0.15 0.151345)
(-0.0511154 -0.15 0.152606)
(3.08419e-05 -0.15 0.152191)
(0.0511301 -0.15 0.152606)
(0.101486 -0.15 0.151345)
(-0.100923 -0.103196 0.151515)
(-0.0508112 -0.103044 0.152036)
(2.81183e-05 -0.102917 0.152272)
(0.050836 -0.103044 0.152033)
(0.100927 -0.103199 0.151514)
(-0.100606 -0.0508152 0.151151)
(-0.0505976 -0.0510286 0.151569)
(2.61011e-05 -0.051086 0.151928)
(0.0506273 -0.0510287 0.151564)
(0.100611 -0.0508153 0.151149)
(-0.100582 5.09366e-09 0.151137)
(-0.0505716 -3.82153e-09 0.151523)
(2.61492e-05 1.20948e-08 0.151879)
(0.0506025 -4.79849e-09 0.151518)
(0.100588 2.62576e-10 0.151135)
(-0.100606 0.0508153 0.151151)
(-0.0505976 0.0510288 0.151569)
(2.60992e-05 0.0510864 0.151928)
(0.0506273 0.0510289 0.151564)
(0.100611 0.0508154 0.151149)
(-0.100924 0.103199 0.151516)
(-0.0508112 0.103044 0.152036)
(2.81277e-05 0.102917 0.152272)
(0.050836 0.103044 0.152033)
(0.100927 0.103199 0.151515)
(-0.101485 0.15 0.151345)
(-0.0511154 0.15 0.152606)
(3.08419e-05 0.15 0.152191)
(0.0511301 0.15 0.152606)
(0.101486 0.15 0.151345)
(-0.0492346 -0.15 0.19403)
(0.000242128 -0.15 0.199989)
(0.0492346 -0.15 0.19403)
(-0.0474588 -0.102824 0.194121)
(5.82599e-05 -0.102532 0.199997)
(0.0475012 -0.102823 0.194112)
(-0.0474567 -0.050643 0.194122)
(4.21096e-05 -0.0505765 0.199998)
(0.0475055 -0.050643 0.194111)
(-0.0474497 -2.32925e-12 0.194123)
(4.18801e-05 -2.85805e-12 0.199998)
(0.0475008 6.69464e-14 0.194112)
(-0.0474567 0.050643 0.194122)
(4.21095e-05 0.0505765 0.199998)
(0.0475055 0.050643 0.194111)
(-0.0474588 0.102824 0.194121)
(5.82597e-05 0.102532 0.199997)
(0.0475012 0.102823 0.194112)
(-0.0492346 0.15 0.19403)
(0.000242128 0.15 0.199989)
(0.0492346 0.15 0.19403)
(-0.0811237 -0.127551 -0.18266)
(-0.0254027 -0.129659 -0.178453)
(0.0254444 -0.129659 -0.178452)
(0.0811249 -0.127551 -0.18266)
(-0.0813743 -0.0764687 -0.182541)
(-0.0251829 -0.0766984 -0.176846)
(0.0251975 -0.0766984 -0.176845)
(0.0813753 -0.0764687 -0.182541)
(-0.0814075 -0.0252063 -0.182526)
(-0.0251695 -0.025318 -0.17672)
(0.025172 -0.025318 -0.17672)
(0.0814077 -0.0252063 -0.182526)
(-0.0814077 0.0252063 -0.182526)
(-0.025172 0.0253181 -0.17672)
(0.0251695 0.0253181 -0.17672)
(0.0814075 0.0252063 -0.182526)
(-0.0813753 0.0764687 -0.182541)
(-0.0251975 0.0766984 -0.176845)
(0.0251829 0.0766984 -0.176846)
(0.0813743 0.0764687 -0.182541)
(-0.0811249 0.127551 -0.182659)
(-0.0254444 0.129659 -0.178452)
(0.0254027 0.129659 -0.178453)
(0.0811237 0.127551 -0.18266)
(-0.126989 -0.129861 -0.12706)
(-0.0762611 -0.128559 -0.127202)
(-0.0253326 -0.128261 -0.126599)
(0.0253478 -0.128261 -0.126598)
(0.0762646 -0.128559 -0.127202)
(0.126989 -0.129861 -0.12706)
(-0.125486 -0.076776 -0.125529)
(0.125487 -0.0767758 -0.125529)
(-0.125418 -0.0253176 -0.12544)
(0.125418 -0.0253175 -0.12544)
(-0.125418 0.0253176 -0.12544)
(0.125418 0.0253176 -0.12544)
(-0.125487 0.076776 -0.125529)
(0.125486 0.0767759 -0.125529)
(-0.12699 0.129861 -0.12706)
(-0.0762646 0.128559 -0.127202)
(-0.0253478 0.128261 -0.126598)
(0.0253325 0.128261 -0.126599)
(0.0762612 0.128559 -0.127202)
(0.126989 0.12986 -0.12706)
(-0.182527 -0.127505 -0.0812763)
(-0.127177 -0.128556 -0.0763624)
(-0.0757233 -0.128177 -0.0757489)
(-0.0251561 -0.128142 -0.0754577)
(0.0251592 -0.128142 -0.0754577)
(0.0757244 -0.128177 -0.0757489)
(0.127177 -0.128556 -0.0763625)
(0.182527 -0.127505 -0.0812763)
(-0.182477 -0.0764635 -0.081388)
(0.182477 -0.0764635 -0.081388)
(-0.182474 -0.0252058 -0.0813939)
(0.182474 -0.0252058 -0.0813939)
(-0.182474 0.0252058 -0.0813939)
(0.182474 0.0252058 -0.0813939)
(-0.182477 0.0764635 -0.081388)
(0.182477 0.0764635 -0.081388)
(-0.182527 0.127505 -0.0812763)
(-0.127177 0.128556 -0.0763624)
(-0.0757243 0.128177 -0.0757489)
(-0.0251592 0.128142 -0.0754577)
(0.0251561 0.128142 -0.0754577)
(0.0757232 0.128177 -0.0757489)
(0.127177 0.128556 -0.0763624)
(0.182527 0.127505 -0.0812763)
(-0.178424 -0.129677 -0.0255392)
(-0.126597 -0.12826 -0.0253956)
(-0.0754529 -0.128142 -0.0251717)
(-0.0250819 -0.128136 -0.0250849)
(0.0250825 -0.128136 -0.0250849)
(0.0754533 -0.128142 -0.0251718)
(0.126597 -0.12826 -0.025396)
(0.178424 -0.129677 -0.0255402)
(-0.176809 -0.0766972 -0.0252103)
(0.176809 -0.0766972 -0.0252107)
(-0.17669 -0.0253182 -0.0251711)
(0.17669 -0.0253182 -0.0251712)
(-0.17669 0.0253185 -0.0251712)
(0.17669 0.0253185 -0.0251712)
(-0.176813 0.0767006 -0.0252111)
(0.176813 0.0767007 -0.0252111)
(-0.178426 0.129661 -0.0255388)
(-0.126592 0.128261 -0.0253957)
(-0.0754529 0.128142 -0.0251718)
(-0.0250823 0.128136 -0.0250849)
(0.025082 0.128136 -0.0250849)
(0.0754528 0.128142 -0.0251718)
(0.126592 0.128261 -0.0253957)
(0.178426 0.129661 -0.0255388)
(-0.178453 -0.129659 0.025393)
(-0.1266 -0.12826 0.0253422)
(-0.0754545 -0.128142 0.0251588)
(-0.0250828 -0.128136 0.0250815)
(0.0250837 -0.128136 0.0250815)
(0.0754549 -0.128142 0.0251587)
(0.1266 -0.12826 0.0253417)
(0.178453 -0.129659 0.0253919)
(-0.176812 -0.0766942 0.0251934)
(0.176812 -0.0766942 0.025193)
(-0.176691 -0.025318 0.0251811)
(0.176691 -0.025318 0.025181)
(-0.176691 0.0253183 0.025181)
(0.176691 0.0253183 0.025181)
(-0.176815 0.0766975 0.0251933)
(0.176815 0.0766977 0.0251933)
(-0.178456 0.129643 0.0253906)
(-0.126595 0.128261 0.0253416)
(-0.0754543 0.128142 0.0251587)
(-0.0250829 0.128136 0.0250815)
(0.0250836 0.128136 0.0250815)
(0.0754546 0.128142 0.0251587)
(0.126595 0.128261 0.0253416)
(0.178456 0.129643 0.0253906)
(-0.182719 -0.12759 0.081288)
(-0.127176 -0.128561 0.0763336)
(-0.0757379 -0.128177 0.0757354)
(-0.0251632 -0.128142 0.0754497)
(0.0251677 -0.128142 0.0754497)
(0.0757396 -0.128177 0.0757352)
(0.127176 -0.128561 0.0763334)
(0.182719 -0.12759 0.081288)
(-0.182665 -0.0764736 0.0814249)
(0.182665 -0.0764736 0.0814249)
(-0.182664 -0.0252068 0.0814273)
(0.182664 -0.0252068 0.0814273)
(-0.182664 0.0252068 0.0814273)
(0.182664 0.0252068 0.0814273)
(-0.182665 0.0764736 0.0814249)
(0.182665 0.0764736 0.0814249)
(-0.182719 0.12759 0.081288)
(-0.127176 0.128561 0.0763335)
(-0.0757379 0.128177 0.0757353)
(-0.0251632 0.128142 0.0754497)
(0.0251677 0.128142 0.0754496)
(0.0757396 0.128177 0.0757352)
(0.127176 0.128561 0.0763335)
(0.182719 0.12759 0.081288)
(-0.127035 -0.129862 0.127108)
(-0.0763507 -0.128562 0.127165)
(-0.0253622 -0.12826 0.126577)
(0.025383 -0.12826 0.126577)
(0.076356 -0.128561 0.127165)
(0.127036 -0.129861 0.127107)
(-0.125588 -0.0767772 0.125555)
(0.125589 -0.0767773 0.125554)
(-0.125519 -0.0253178 0.125469)
(0.12552 -0.0253179 0.125469)
(-0.125519 0.0253179 0.125469)
(0.12552 0.0253179 0.125469)
(-0.125588 0.0767772 0.125554)
(0.125589 0.0767773 0.125554)
(-0.127036 0.129861 0.127107)
(-0.0763506 0.128561 0.127165)
(-0.0253621 0.12826 0.126577)
(0.025383 0.12826 0.126577)
(0.0763562 0.128561 0.127165)
(0.127036 0.129861 0.127107)
(-0.0813595 -0.127589 0.182538)
(-0.0254432 -0.129667 0.178398)
(0.0255055 -0.129667 0.178395)
(0.0813651 -0.127589 0.182536)
(-0.0814178 -0.0764773 0.182513)
(-0.0251779 -0.0766962 0.176789)
(0.0252388 -0.0766962 0.176783)
(0.0814296 -0.0764773 0.182508)
(-0.0814073 -0.0252074 0.182518)
(-0.0251504 -0.0253183 0.176671)
(0.025211 -0.0253183 0.176665)
(0.0814212 -0.0252074 0.182512)
(-0.0814073 0.0252074 0.182518)
(-0.0251504 0.0253184 0.176671)
(0.025211 0.0253184 0.176665)
(0.0814212 0.0252074 0.182512)
(-0.0814178 0.0764773 0.182513)
(-0.0251779 0.0766961 0.176789)
(0.0252388 0.0766961 0.176782)
(0.0814296 0.0764773 0.182508)
(-0.0813595 0.127589 0.182538)
(-0.0254431 0.129667 0.178398)
(0.0255055 0.129667 0.178395)
(0.0813651 0.127589 0.182536)
(-0.101923 -0.15 -0.171855)
(-0.0256624 -0.15 -0.198312)
(-0.0475335 -0.127527 -0.194134)
(-0.0505521 -0.15 -0.176454)
(0.0256624 -0.15 -0.198312)
(6.79498e-05 -0.127206 -0.199804)
(6.77744e-05 -0.15 -0.176724)
(0.0475473 -0.127527 -0.19413)
(0.0505655 -0.15 -0.176454)
(0.101923 -0.15 -0.171855)
(-0.0996663 -0.102831 -0.17318)
(-0.0248551 -0.102623 -0.198384)
(-0.0474507 -0.0765333 -0.194156)
(-0.0505264 -0.103161 -0.176505)
(0.0248844 -0.102623 -0.198381)
(1.04504e-05 -0.0763771 -0.199804)
(2.20518e-05 -0.102975 -0.177848)
(0.0474578 -0.0765333 -0.194155)
(0.0505383 -0.103161 -0.176503)
(0.0996667 -0.102831 -0.17318)
(-0.0996413 -0.0506417 -0.173195)
(-0.0248497 -0.0505992 -0.198384)
(-0.0474555 -0.0252134 -0.194155)
(-0.0504138 -0.0507908 -0.176027)
(0.0248557 -0.0505992 -0.198384)
(1.24489e-06 -0.025193 -0.199804)
(4.2944e-06 -0.0508196 -0.177366)
(0.0474566 -0.0252134 -0.194155)
(0.0504173 -0.0507908 -0.176026)
(0.0996414 -0.0506417 -0.173195)
(-0.0996372 -8.30765e-10 -0.173197)
(-0.024848 -1.06704e-09 -0.198384)
(-0.0474566 0.0252134 -0.194155)
(-0.0504132 -7.33943e-10 -0.176004)
(0.024848 1.05131e-09 -0.198384)
(-1.24485e-06 0.025193 -0.199804)
(4.36874e-09 1.89915e-09 -0.177333)
(0.0474555 0.0252134 -0.194155)
(0.0504132 5.27147e-10 -0.176004)
(0.0996372 3.92665e-10 -0.173197)
(-0.0996414 0.0506417 -0.173195)
(-0.0248557 0.0505992 -0.198384)
(-0.0474578 0.0765333 -0.194155)
(-0.0504173 0.0507909 -0.176026)
(0.0248497 0.0505992 -0.198384)
(-1.04506e-05 0.0763771 -0.199804)
(-4.28871e-06 0.0508196 -0.177366)
(0.0474507 0.0765333 -0.194156)
(0.0504139 0.0507909 -0.176027)
(0.0996413 0.0506417 -0.173195)
(-0.0996667 0.102831 -0.17318)
(-0.0248844 0.102623 -0.198381)
(-0.0475473 0.127527 -0.19413)
(-0.0505383 0.103161 -0.176503)
(0.0248551 0.102623 -0.198384)
(-6.795e-05 0.127206 -0.199804)
(-2.20479e-05 0.102975 -0.177848)
(0.0475335 0.127527 -0.194134)
(0.0505264 0.103161 -0.176505)
(0.0996663 0.102831 -0.17318)
(-0.101923 0.15 -0.171855)
(-0.0256624 0.15 -0.198312)
(-0.0505655 0.15 -0.176454)
(0.0256624 0.15 -0.198312)
(-6.77741e-05 0.15 -0.176724)
(0.0505521 0.15 -0.176454)
(0.101923 0.15 -0.171855)
(-0.128027 -0.15 -0.153418)
(-0.15335 -0.15 -0.1281)
(-0.0766407 -0.15 -0.153273)
(-0.101707 -0.13004 -0.15275)
(-0.101732 -0.15 -0.127167)
(-0.0254273 -0.15 -0.152285)
(-0.050988 -0.128912 -0.152758)
(-0.0507193 -0.15 -0.126728)
(0.0254567 -0.15 -0.152285)
(2.21922e-05 -0.128565 -0.152561)
(1.04376e-05 -0.15 -0.126323)
(0.0766444 -0.15 -0.153273)
(0.051001 -0.128912 -0.152758)
(0.0507267 -0.15 -0.126728)
(0.128027 -0.15 -0.153418)
(0.101708 -0.13004 -0.15275)
(0.101733 -0.15 -0.127167)
(0.15335 -0.15 -0.1281)
(-0.128183 -0.102935 -0.153285)
(-0.153235 -0.10294 -0.128241)
(-0.0761972 -0.103044 -0.152552)
(-0.100578 -0.0767361 -0.151157)
(-0.101025 -0.103101 -0.126436)
(-0.0253287 -0.102963 -0.152132)
(-0.05062 -0.076898 -0.151709)
(-0.0506694 -0.102918 -0.126686)
(0.0253497 -0.102963 -0.152132)
(7.97429e-06 -0.0769167 -0.152029)
(8.15378e-06 -0.102858 -0.126603)
(0.0762003 -0.103044 -0.152551)
(0.0506267 -0.076898 -0.151708)
(0.0506771 -0.102918 -0.126686)
(0.128183 -0.102935 -0.153285)
(0.100579 -0.0767361 -0.151156)
(0.101026 -0.103101 -0.126436)
(0.153235 -0.10294 -0.128241)
(-0.128199 -0.0506727 -0.153271)
(-0.153253 -0.0506729 -0.128219)
(-0.0759918 -0.0508862 -0.152112)
(-0.100522 -0.0253051 -0.151071)
(-0.100624 -0.0510317 -0.12595)
(-0.0252494 -0.051078 -0.151718)
(-0.0505667 -0.0254351 -0.151538)
(0.025256 -0.051078 -0.151717)
(1.59663e-06 -0.0254774 -0.151876)
(0.075993 -0.0508862 -0.152112)
(0.0505683 -0.0254351 -0.151538)
(0.128199 -0.0506727 -0.153271)
(0.100522 -0.025305 -0.151071)
(0.100624 -0.0510317 -0.12595)
(0.153253 -0.0506729 -0.128219)
(-0.128205 -1.47987e-09 -0.153266)
(-0.153256 -1.45058e-09 -0.128215)
(-0.0759821 -5.39103e-09 -0.152077)
(-0.100522 0.0253051 -0.151071)
(-0.100588 1.2794e-08 -0.125901)
(-0.0252425 1.57688e-08 -0.151663)
(-0.0505682 0.0254351 -0.151538)
(0.0252426 1.78005e-08 -0.151663)
(-1.57213e-06 0.0254776 -0.151876)
(0.0759821 -3.37004e-11 -0.152077)
(0.0505667 0.0254351 -0.151538)
(0.128205 1.15512e-11 -0.153266)
(0.100522 0.0253051 -0.151071)
(0.100588 1.38243e-08 -0.125901)
(0.153256 -1.23941e-11 -0.128215)
(-0.128199 0.0506727 -0.153271)
(-0.153253 0.0506729 -0.128219)
(-0.075993 0.0508864 -0.152112)
(-0.100579 0.076736 -0.151156)
(-0.100624 0.0510318 -0.12595)
(-0.0252559 0.0510781 -0.151717)
(-0.0506266 0.0768975 -0.151708)
(0.0252495 0.0510781 -0.151718)
(-7.96486e-06 0.0769166 -0.152029)
(0.0759918 0.0508864 -0.152112)
(0.0506199 0.0768975 -0.151709)
(0.128199 0.0506727 -0.153271)
(0.100578 0.0767359 -0.151156)
(0.100624 0.0510321 -0.12595)
(0.153253 0.0506729 -0.128219)
(-0.128183 0.102935 -0.153284)
(-0.153235 0.10294 -0.12824)
(-0.0762004 0.103044 -0.152551)
(-0.101708 0.13004 -0.15275)
(-0.101026 0.103101 -0.126436)
(-0.0253497 0.102963 -0.152132)
(-0.051001 0.128912 -0.152758)
(-0.0506771 0.102918 -0.126686)
(0.0253287 0.102963 -0.152132)
(-2.21073e-05 0.128565 -0.152561)
(-8.0811e-06 0.102858 -0.126603)
(0.0761972 0.103044 -0.152552)
(0.050988 0.128912 -0.152758)
(0.0506693 0.102918 -0.126686)
(0.128183 0.102935 -0.153285)
(0.101707 0.13004 -0.15275)
(0.101025 0.103101 -0.126436)
(0.153235 0.10294 -0.128241)
(-0.128027 0.15 -0.153418)
(-0.15335 0.15 -0.1281)
(-0.0766443 0.15 -0.153273)
(-0.101733 0.15 -0.127167)
(-0.0254567 0.15 -0.152285)
(-0.0507267 0.15 -0.126728)
(0.0254273 0.15 -0.152285)
(-1.0437e-05 0.15 -0.126323)
(0.0766407 0.15 -0.153273)
(0.0507193 0.15 -0.126728)
(0.128027 0.15 -0.153418)
(0.101732 0.15 -0.127167)
(0.15335 0.15 -0.1281)
(-0.172082 -0.15 -0.10227)
(-0.127131 -0.15 -0.101827)
(-0.152706 -0.130029 -0.101824)
(-0.153269 -0.15 -0.0768979)
(-0.0758672 -0.15 -0.101195)
(-0.101481 -0.128465 -0.10153)
(-0.101175 -0.15 -0.0759202)
(-0.0251832 -0.15 -0.100677)
(-0.0505326 -0.128192 -0.101062)
(-0.0502676 -0.15 -0.0753992)
(0.0251893 -0.15 -0.100677)
(4.49517e-06 -0.128157 -0.100841)
(1.35831e-06 -0.15 -0.0752451)
(0.0758686 -0.15 -0.101195)
(0.0505369 -0.128192 -0.101062)
(0.0502689 -0.15 -0.0753992)
(0.127131 -0.15 -0.101827)
(0.101482 -0.128465 -0.10153)
(0.101175 -0.15 -0.0759202)
(0.172082 -0.15 -0.10227)
(0.152707 -0.130029 -0.101824)
(0.153269 -0.15 -0.076898)
(-0.173153 -0.102811 -0.099737)
(-0.126439 -0.103122 -0.101113)
(-0.151136 -0.0767321 -0.100617)
(-0.1525 -0.103036 -0.0762694)
(-0.0758899 -0.102897 -0.101258)
(-0.100956 -0.0770484 -0.100995)
(-0.101233 -0.102897 -0.0759346)
(-0.0252604 -0.102844 -0.101063)
(-0.0504661 -0.102846 -0.0757175)
(0.0252677 -0.102844 -0.101063)
(2.17494e-06 -0.102842 -0.0756226)
(0.0758924 -0.102898 -0.101258)
(0.0504688 -0.102846 -0.0757174)
(0.126439 -0.103122 -0.101113)
(0.100957 -0.0770484 -0.100995)
(0.101234 -0.102897 -0.0759347)
(0.173153 -0.102811 -0.099737)
(0.151136 -0.0767321 -0.100617)
(0.1525 -0.103036 -0.0762694)
(-0.173194 -0.0506394 -0.0996632)
(-0.125961 -0.0510353 -0.10066)
(-0.151066 -0.0253036 -0.100535)
(-0.152075 -0.0508851 -0.0760027)
(-0.100816 -0.0255409 -0.10084)
(0.125961 -0.0510353 -0.100661)
(0.100816 -0.0255409 -0.10084)
(0.173194 -0.0506394 -0.0996632)
(0.151066 -0.0253036 -0.100535)
(0.152075 -0.0508851 -0.0760027)
(-0.173202 -3.71536e-10 -0.0996477)
(-0.125919 3.34782e-08 -0.100614)
(-0.151066 0.0253036 -0.100535)
(-0.152045 3.14231e-08 -0.0759805)
(-0.100816 0.025541 -0.10084)
(0.125919 3.18405e-08 -0.100614)
(0.100816 0.0255411 -0.10084)
(0.173202 -2.93227e-12 -0.0996477)
(0.151066 0.0253037 -0.100535)
(0.152045 3.45325e-08 -0.0759805)
(-0.173194 0.0506394 -0.0996632)
(-0.125961 0.0510354 -0.10066)
(-0.151136 0.076732 -0.100617)
(-0.152075 0.0508854 -0.0760027)
(-0.100957 0.0770485 -0.100995)
(0.125961 0.0510357 -0.100661)
(0.100956 0.0770482 -0.100995)
(0.173194 0.0506394 -0.0996632)
(0.151136 0.0767323 -0.100617)
(0.152075 0.0508855 -0.0760027)
(-0.173153 0.102811 -0.0997369)
(-0.126439 0.103122 -0.101113)
(-0.152707 0.130029 -0.101824)
(-0.1525 0.103036 -0.0762694)
(-0.0758924 0.102898 -0.101258)
(-0.101481 0.128465 -0.10153)
(-0.101234 0.102897 -0.0759346)
(-0.0252675 0.102844 -0.101063)
(-0.050537 0.128192 -0.101062)
(-0.0504686 0.102846 -0.0757174)
(0.0252605 0.102844 -0.101063)
(-4.45067e-06 0.128157 -0.100841)
(-1.99161e-06 0.102842 -0.0756226)
(0.0758898 0.102898 -0.101258)
(0.0505325 0.128192 -0.101062)
(0.0504662 0.102846 -0.0757175)
(0.126439 0.103122 -0.101113)
(0.101481 0.128464 -0.10153)
(0.101233 0.102897 -0.0759347)
(0.173153 0.102811 -0.099737)
(0.152707 0.130027 -0.101824)
(0.1525 0.103037 -0.0762694)
(-0.172082 0.15 -0.10227)
(-0.127131 0.15 -0.101827)
(-0.153269 0.15 -0.076898)
(-0.0758686 0.15 -0.101195)
(-0.101175 0.15 -0.0759202)
(-0.0251893 0.15 -0.100677)
(-0.0502689 0.15 -0.0753992)
(0.0251832 0.15 -0.100677)
(-1.35782e-06 0.15 -0.0752451)
(0.0758672 0.15 -0.101195)
(0.0502676 0.15 -0.0753992)
(0.127131 0.15 -0.101827)
(0.101175 0.15 -0.0759202)
(0.172082 0.15 -0.10227)
(0.153269 0.15 -0.076898)
(-0.176441 -0.15 -0.0507356)
(-0.194073 -0.127585 -0.0475157)
(-0.198517 -0.15 -0.0260039)
(-0.126722 -0.15 -0.0508097)
(-0.152738 -0.128911 -0.0511103)
(-0.152286 -0.15 -0.0255491)
(-0.0753914 -0.15 -0.0502853)
(-0.10105 -0.128192 -0.0505779)
(-0.100675 -0.15 -0.0252135)
(-0.0250534 -0.15 -0.0501034)
(-0.0502706 -0.12814 -0.0502801)
(-0.0501014 -0.15 -0.0250576)
(0.0250541 -0.15 -0.0501034)
(7.49776e-07 -0.128136 -0.0501954)
(1.13339e-07 -0.15 -0.0250245)
(0.0753916 -0.15 -0.0502853)
(0.0502715 -0.12814 -0.0502801)
(0.0501015 -0.15 -0.0250576)
(0.126722 -0.15 -0.0508099)
(0.10105 -0.128192 -0.0505781)
(0.100675 -0.15 -0.0252136)
(0.176441 -0.15 -0.050736)
(0.152738 -0.128911 -0.0511106)
(0.152286 -0.15 -0.0255499)
(0.194073 -0.127585 -0.0475161)
(0.198517 -0.15 -0.0260039)
(-0.176441 -0.103164 -0.0505729)
(-0.194087 -0.07654 -0.0474618)
(-0.198334 -0.102629 -0.0249173)
(-0.126666 -0.102917 -0.0507288)
(-0.15167 -0.076897 -0.050652)
(-0.152113 -0.102958 -0.0253906)
(-0.0757034 -0.102846 -0.0504885)
(-0.101055 -0.102844 -0.0252897)
(-0.0251755 -0.102849 -0.0503585)
(-0.0503523 -0.102849 -0.0251843)
(0.0251775 -0.102849 -0.0503585)
(7.52806e-07 -0.102855 -0.025151)
(0.0757045 -0.102846 -0.0504885)
(0.0503534 -0.102849 -0.0251844)
(0.126667 -0.102917 -0.050729)
(0.101056 -0.102844 -0.0252899)
(0.176441 -0.103164 -0.0505732)
(0.15167 -0.076897 -0.0506521)
(0.152113 -0.102958 -0.0253911)
(0.194087 -0.07654 -0.047462)
(0.198334 -0.102629 -0.0249181)
(-0.175972 -0.0507915 -0.0504189)
(-0.194088 -0.0252141 -0.0474555)
(-0.198343 -0.0506007 -0.02486)
(-0.151504 -0.0254351 -0.0505707)
(-0.151695 -0.0510775 -0.0252618)
(0.175972 -0.0507915 -0.050419)
(0.151504 -0.0254351 -0.0505707)
(0.151696 -0.0510778 -0.025262)
(0.194088 -0.0252141 -0.0474556)
(0.198343 -0.0506007 -0.0248601)
(-0.175952 3.33582e-08 -0.0504088)
(-0.194088 0.0252141 -0.0474556)
(-0.198345 1.68818e-09 -0.0248494)
(-0.151504 0.0254355 -0.0505707)
(-0.151643 1.81352e-07 -0.0252427)
(0.175952 3.36761e-08 -0.0504088)
(0.151504 0.0254355 -0.0505708)
(0.151643 1.91956e-07 -0.0252428)
(0.194088 0.0252141 -0.0474556)
(0.198345 -5.31034e-14 -0.0248494)
(-0.175973 0.0507919 -0.0504191)
(-0.194087 0.07654 -0.047462)
(-0.198343 0.0506007 -0.0248601)
(-0.15167 0.0768977 -0.050652)
(-0.151696 0.051079 -0.025262)
(0.175973 0.0507919 -0.0504191)
(0.15167 0.0768978 -0.050652)
(0.151696 0.0510791 -0.025262)
(0.194087 0.07654 -0.047462)
(0.198343 0.0506007 -0.0248601)
(-0.176444 0.103167 -0.0505735)
(-0.194073 0.127585 -0.0475161)
(-0.198334 0.102629 -0.0249181)
(-0.126666 0.102918 -0.050729)
(-0.152734 0.128912 -0.0511103)
(-0.152112 0.102964 -0.0253912)
(-0.075704 0.102846 -0.0504885)
(-0.10105 0.128192 -0.050578)
(-0.101055 0.102844 -0.0252899)
(-0.0251772 0.102849 -0.0503585)
(-0.0502714 0.12814 -0.0502801)
(-0.0503528 0.102849 -0.0251843)
(0.0251757 0.102849 -0.0503585)
(-6.72283e-07 0.128136 -0.0501954)
(-1.50765e-07 0.102855 -0.025151)
(0.0757035 0.102846 -0.0504885)
(0.0502706 0.12814 -0.0502801)
(0.0503526 0.102849 -0.0251844)
(0.126665 0.102918 -0.0507289)
(0.101049 0.128192 -0.050578)
(0.101055 0.102844 -0.0252899)
(0.176444 0.103167 -0.0505735)
(0.152734 0.128912 -0.0511102)
(0.152112 0.102964 -0.0253913)
(0.194073 0.127585 -0.0475161)
(0.198334 0.102629 -0.0249181)
(-0.176441 0.15 -0.050736)
(-0.198517 0.15 -0.0260039)
(-0.126722 0.15 -0.0508099)
(-0.152286 0.15 -0.0255499)
(-0.0753916 0.15 -0.0502853)
(-0.100675 0.15 -0.0252136)
(-0.0250541 0.15 -0.0501034)
(-0.0501015 0.15 -0.0250576)
(0.0250534 0.15 -0.0501034)
(-1.02051e-07 0.15 -0.0250245)
(0.0753914 0.15 -0.0502853)
(0.0501014 0.15 -0.0250576)
(0.126722 0.15 -0.0508099)
(0.100675 0.15 -0.0252136)
(0.176441 0.15 -0.050736)
(0.152286 0.15 -0.0255499)
(0.198517 0.15 -0.0260039)
(-0.176711 -0.15 -0.000100823)
(-0.199855 -0.127219 -7.69828e-05)
(-0.199288 -0.15 0.0255268)
(-0.126322 -0.15 -2.91263e-05)
(-0.152581 -0.12856 -5.02762e-05)
(-0.152302 -0.15 0.0254349)
(-0.0752437 -0.15 -4.87704e-06)
(-0.100839 -0.128157 -1.42355e-05)
(-0.100673 -0.15 0.0251889)
(-0.025024 -0.15 -5.8064e-07)
(-0.0501932 -0.128136 -3.00745e-06)
(-0.050102 -0.15 0.025054)
(0.0250241 -0.15 -5.85774e-07)
(2.87973e-07 -0.128136 -1.14137e-06)
(1.31757e-07 -0.15 0.0250236)
(0.0752438 -0.15 -4.94544e-06)
(0.0501936 -0.128136 -3.04972e-06)
(0.0501021 -0.15 0.0250539)
(0.126322 -0.15 -2.96538e-05)
(0.100839 -0.128157 -1.44721e-05)
(0.100673 -0.15 0.0251887)
(0.176711 -0.15 -0.000104259)
(0.152581 -0.12856 -5.14328e-05)
(0.152302 -0.15 0.0254342)
(0.199855 -0.12722 -8.04267e-05)
(0.199288 -0.15 0.0255268)
(-0.177842 -0.102966 -3.31794e-05)
(-0.199853 -0.0763765 -3.99795e-06)
(-0.198273 -0.10261 0.0248464)
(-0.126603 -0.102856 -2.02307e-05)
(-0.152026 -0.0769144 -1.10027e-05)
(-0.152132 -0.102956 0.0253396)
(-0.0756193 -0.102842 -6.83152e-06)
(-0.101063 -0.102844 0.0252673)
(-0.0251478 -0.102855 -2.51356e-06)
(-0.0503559 -0.102849 0.0251765)
(0.0251493 -0.102855 -2.54898e-06)
(1.19477e-06 -0.102855 0.0251465)
(0.0756202 -0.102842 -6.97149e-06)
(0.0503577 -0.102849 0.0251764)
(0.126603 -0.102856 -2.06686e-05)
(0.101064 -0.102844 0.0252671)
(0.177842 -0.102966 -3.42959e-05)
(0.152026 -0.0769143 -1.14306e-05)
(0.152133 -0.102956 0.025339)
(0.199853 -0.0763766 -4.52112e-06)
(0.198273 -0.10261 0.0248457)
(-0.177374 -0.050819 2.20487e-06)
(-0.199853 -0.0251929 1.07605e-05)
(-0.198272 -0.0505994 0.0248573)
(-0.151876 -0.0254772 3.83118e-06)
(-0.151724 -0.0510774 0.0252624)
(0.177374 -0.050819 1.97968e-06)
(0.151876 -0.0254773 3.69396e-06)
(0.151724 -0.0510777 0.0252622)
(0.199853 -0.0251929 1.06964e-05)
(0.198272 -0.0505994 0.0248572)
(-0.177343 8.06363e-08 7.87095e-06)
(-0.199853 0.0251929 1.07003e-05)
(-0.198272 1.71027e-09 0.0248546)
(-0.151876 0.025478 3.74412e-06)
(-0.151673 1.7862e-07 0.0252536)
(0.177343 7.91741e-08 7.83107e-06)
(0.151876 0.025478 3.68553e-06)
(0.151673 1.88056e-07 0.0252535)
(0.199853 0.0251929 1.06964e-05)
(0.198272 -7.35523e-15 0.0248546)
(-0.177375 0.0508199 1.97667e-06)
(-0.199853 0.0763766 -4.52112e-06)
(-0.198272 0.0505994 0.0248572)
(-0.152027 0.076917 -1.14286e-05)
(-0.151724 0.0510789 0.0252622)
(0.177375 0.0508199 1.9654e-06)
(0.152027 0.076917 -1.14619e-05)
(0.151725 0.0510789 0.0252622)
(0.199853 0.0763766 -4.52112e-06)
(0.198272 0.0505994 0.0248572)
(-0.177857 0.102975 -3.4439e-05)
(-0.199855 0.12722 -8.04268e-05)
(-0.198273 0.10261 0.0248457)
(-0.1266 0.102859 -2.06285e-05)
(-0.152562 0.128565 -5.13084e-05)
(-0.152131 0.102962 0.0253391)
(-0.075619 0.102842 -6.9354e-06)
(-0.100838 0.128157 -1.44538e-05)
(-0.101062 0.102845 0.0252671)
(-0.0251482 0.102855 -2.53614e-06)
(-0.0501933 0.128136 -3.04282e-06)
(-0.0503559 0.102849 0.0251765)
(0.0251489 0.102855 -2.55491e-06)
(9.23676e-08 0.128137 -1.14637e-06)
(1.00076e-06 0.102855 0.0251465)
(0.0756195 0.102842 -6.97288e-06)
(0.0501934 0.128136 -3.05036e-06)
(0.0503574 0.102849 0.0251764)
(0.1266 0.102859 -2.06627e-05)
(0.100838 0.128157 -1.44636e-05)
(0.101063 0.102845 0.025267)
(0.177857 0.102975 -3.44425e-05)
(0.152562 0.128565 -5.1314e-05)
(0.152131 0.102963 0.0253391)
(0.199855 0.12722 -8.04267e-05)
(0.198273 0.10261 0.0248457)
(-0.176711 0.15 -0.000104259)
(-0.199288 0.15 0.0255268)
(-0.126322 0.15 -2.96536e-05)
(-0.152302 0.15 0.0254342)
(-0.0752438 0.15 -4.94548e-06)
(-0.100673 0.15 0.0251887)
(-0.025024 0.15 -5.86062e-07)
(-0.050102 0.15 0.0250539)
(0.025024 0.15 -5.86e-07)
(1.22208e-07 0.15 0.0250236)
(0.0752438 0.15 -4.94542e-06)
(0.0501021 0.15 0.0250539)
(0.126322 0.15 -2.96538e-05)
(0.100673 0.15 0.0251887)
(0.176711 0.15 -0.000104259)
(0.152302 0.15 0.0254342)
(0.199288 0.15 0.0255268)
(-0.176367 -0.15 0.0506616)
(-0.19423 -0.127559 0.0475836)
(-0.126701 -0.15 0.0507624)
(-0.152748 -0.128915 0.0510523)
(-0.153175 -0.15 0.0767773)
(-0.0753922 -0.15 0.0502751)
(-0.101051 -0.128193 0.0505548)
(-0.10117 -0.15 0.0759012)
(-0.0250552 -0.15 0.0501008)
(-0.0502755 -0.12814 0.0502728)
(-0.0502779 -0.15 0.0753903)
(0.025056 -0.15 0.0501008)
(1.09779e-06 -0.128136 0.0501914)
(1.60201e-06 -0.15 0.0752402)
(0.0753924 -0.15 0.0502751)
(0.0502769 -0.12814 0.0502727)
(0.0502794 -0.15 0.0753903)
(0.126701 -0.15 0.0507622)
(0.101051 -0.128193 0.0505547)
(0.101171 -0.15 0.0759012)
(0.176367 -0.15 0.0506613)
(0.152748 -0.128915 0.0510519)
(0.153175 -0.15 0.0767772)
(0.19423 -0.127559 0.0475833)
(-0.176561 -0.103166 0.0505755)
(-0.194249 -0.0765351 0.0474862)
(-0.126694 -0.102919 0.0507048)
(-0.151758 -0.0768993 0.0506545)
(-0.152605 -0.103051 0.0762751)
(-0.0757156 -0.102846 0.0504771)
(-0.10126 -0.102899 0.0759248)
(-0.0251795 -0.102849 0.0503523)
(-0.0504832 -0.102846 0.0757082)
(0.0251835 -0.102849 0.0503522)
(4.17334e-06 -0.102842 0.0756147)
(0.0757178 -0.102846 0.0504769)
(0.0504888 -0.102846 0.0757079)
(0.126695 -0.102919 0.0507045)
(0.101262 -0.102899 0.0759245)
(0.176561 -0.103166 0.0505752)
(0.151758 -0.0768993 0.0506543)
(0.152605 -0.103052 0.076275)
(0.194249 -0.0765351 0.047486)
(-0.176103 -0.0507915 0.0504417)
(-0.194249 -0.0252135 0.0474855)
(-0.151603 -0.0254353 0.0505875)
(-0.152209 -0.0508876 0.0760232)
(0.176103 -0.0507916 0.0504416)
(0.151603 -0.0254354 0.0505873)
(0.15221 -0.0508877 0.0760231)
(0.194249 -0.0252135 0.0474855)
(-0.176083 3.17923e-08 0.0504346)
(-0.194249 0.0252135 0.0474855)
(-0.151603 0.0254357 0.0505875)
(-0.152182 2.79825e-08 0.0760019)
(0.176083 3.13565e-08 0.0504346)
(0.151603 0.0254357 0.0505874)
(0.152182 2.82041e-08 0.0760018)
(0.194249 0.0252135 0.0474855)
(-0.176103 0.050792 0.0504417)
(-0.194249 0.0765351 0.047486)
(-0.151758 0.0768999 0.0506543)
(-0.15221 0.050888 0.0760232)
(0.176103 0.050792 0.0504416)
(0.151758 0.0769 0.0506542)
(0.15221 0.050888 0.0760231)
(0.194249 0.0765351 0.047486)
(-0.176564 0.103168 0.0505754)
(-0.19423 0.127559 0.0475833)
(-0.126693 0.10292 0.0507046)
(-0.152744 0.128916 0.0510518)
(-0.152605 0.103051 0.076275)
(-0.0757154 0.102847 0.050477)
(-0.10105 0.128193 0.0505547)
(-0.10126 0.102899 0.0759246)
(-0.0251795 0.102849 0.0503523)
(-0.0502755 0.12814 0.0502728)
(-0.0504831 0.102847 0.0757081)
(0.0251834 0.102849 0.0503522)
(1.0663e-06 0.128136 0.0501914)
(4.13605e-06 0.102842 0.0756147)
(0.0757175 0.102847 0.0504769)
(0.0502769 0.12814 0.0502727)
(0.0504887 0.102847 0.0757078)
(0.126694 0.10292 0.0507044)
(0.101051 0.128193 0.0505547)
(0.101262 0.102899 0.0759245)
(0.176564 0.103168 0.0505754)
(0.152744 0.128916 0.0510517)
(0.152605 0.103052 0.076275)
(0.19423 0.127559 0.0475833)
(-0.176367 0.15 0.0506613)
(-0.126701 0.15 0.0507622)
(-0.153175 0.15 0.0767772)
(-0.0753922 0.15 0.0502751)
(-0.10117 0.15 0.0759012)
(-0.0250552 0.15 0.0501008)
(-0.0502779 0.15 0.0753903)
(0.025056 0.15 0.0501008)
(1.60179e-06 0.15 0.0752402)
(0.0753924 0.15 0.0502751)
(0.0502794 0.15 0.0753903)
(0.126701 0.15 0.0507622)
(0.101171 0.15 0.0759012)
(0.176367 0.15 0.0506613)
(0.153175 0.15 0.0767772)
(-0.17176 -0.15 0.102134)
(-0.127107 -0.15 0.101831)
(-0.15273 -0.130044 0.10184)
(-0.153349 -0.15 0.12826)
(-0.0759021 -0.15 0.101175)
(-0.10151 -0.128466 0.101523)
(-0.101797 -0.15 0.127156)
(-0.0251982 -0.15 0.100664)
(-0.0505642 -0.128193 0.101043)
(-0.0507864 -0.15 0.126686)
(0.0252054 -0.15 0.100664)
(6.12043e-06 -0.128157 0.100828)
(1.23188e-05 -0.15 0.126301)
(0.0759038 -0.15 0.101175)
(0.0505704 -0.128193 0.101043)
(0.0507951 -0.15 0.126686)
(0.127107 -0.15 0.101831)
(0.101512 -0.128465 0.101523)
(0.101799 -0.15 0.127156)
(0.17176 -0.15 0.102134)
(0.152731 -0.130043 0.10184)
(0.153349 -0.15 0.12826)
(-0.173239 -0.102834 0.0997384)
(-0.126456 -0.103103 0.101099)
(-0.151231 -0.0767382 0.100629)
(-0.153331 -0.102937 0.128281)
(-0.075934 -0.1029 0.101251)
(-0.101027 -0.0770508 0.100999)
(-0.101134 -0.103128 0.126492)
(-0.0252745 -0.102844 0.10105)
(-0.0507198 -0.10292 0.126664)
(0.0252885 -0.102844 0.10105)
(1.51628e-05 -0.102857 0.12659)
(0.0759396 -0.1029 0.10125)
(0.0507361 -0.10292 0.126663)
(0.126457 -0.103103 0.101098)
(0.101031 -0.0770508 0.100999)
(0.101138 -0.103128 0.126492)
(0.173239 -0.102834 0.0997384)
(0.151231 -0.0767385 0.100629)
(0.153331 -0.102937 0.128281)
(-0.173293 -0.0506428 0.0996508)
(-0.126019 -0.0510327 0.100666)
(-0.151169 -0.0253054 0.100543)
(-0.153362 -0.0506729 0.128246)
(-0.100893 -0.0255416 0.100854)
(-0.10071 -0.0510375 0.126015)
(0.126021 -0.0510328 0.100666)
(0.100899 -0.0255416 0.100853)
(0.100716 -0.0510376 0.126014)
(0.173293 -0.0506428 0.0996508)
(0.151169 -0.0253054 0.100543)
(0.153362 -0.0506729 0.128246)
(-0.173304 2.142e-10 0.0996331)
(-0.12598 2.36436e-08 0.100622)
(-0.151169 0.0253055 0.100543)
(-0.153365 5.09472e-10 0.128243)
(-0.100893 0.0255417 0.100854)
(-0.100669 2.20237e-08 0.125971)
(0.125982 2.29667e-08 0.100621)
(0.100899 0.0255418 0.100853)
(0.100675 2.00283e-08 0.12597)
(0.173304 2.33147e-15 0.0996331)
(0.151169 0.0253055 0.100543)
(0.153365 2.33147e-15 0.128243)
(-0.173293 0.0506428 0.0996508)
(-0.126019 0.0510331 0.100666)
(-0.151231 0.0767379 0.100629)
(-0.153362 0.0506729 0.128246)
(-0.101027 0.0770508 0.100999)
(-0.10071 0.0510377 0.126015)
(0.126021 0.0510332 0.100666)
(0.101031 0.0770506 0.100999)
(0.100716 0.0510377 0.126014)
(0.173293 0.0506428 0.0996508)
(0.151231 0.0767383 0.100629)
(0.153362 0.0506729 0.128246)
(-0.173239 0.102834 0.0997384)
(-0.126456 0.103103 0.101098)
(-0.15273 0.130044 0.10184)
(-0.153331 0.102937 0.128281)
(-0.0759339 0.1029 0.101251)
(-0.10151 0.128466 0.101523)
(-0.101134 0.103128 0.126492)
(-0.0252745 0.102844 0.10105)
(-0.0505642 0.128193 0.101043)
(-0.0507198 0.10292 0.126664)
(0.0252885 0.102844 0.10105)
(6.12182e-06 0.128157 0.100828)
(1.52049e-05 0.102857 0.12659)
(0.0759396 0.1029 0.10125)
(0.0505704 0.128193 0.101042)
(0.050736 0.10292 0.126663)
(0.126457 0.103103 0.101098)
(0.101512 0.128465 0.101523)
(0.101138 0.103128 0.126492)
(0.173239 0.102834 0.0997384)
(0.15273 0.130043 0.10184)
(0.153331 0.102937 0.128281)
(-0.17176 0.15 0.102134)
(-0.127107 0.15 0.101831)
(-0.153349 0.15 0.12826)
(-0.0759021 0.15 0.101175)
(-0.101797 0.15 0.127156)
(-0.0251982 0.15 0.100664)
(-0.0507864 0.15 0.126686)
(0.0252054 0.15 0.100664)
(1.23188e-05 0.15 0.126301)
(0.0759038 0.15 0.101175)
(0.0507951 0.15 0.126686)
(0.127107 0.15 0.101831)
(0.101799 0.15 0.127156)
(0.17176 0.15 0.102134)
(0.153349 0.15 0.12826)
(-0.127993 -0.15 0.153552)
(-0.0768622 -0.15 0.153134)
(-0.10186 -0.130048 0.152743)
(-0.102392 -0.15 0.171738)
(-0.0254813 -0.15 0.152252)
(-0.05109 -0.128915 0.152695)
(-0.0507177 -0.15 0.176314)
(0.0255159 -0.15 0.152252)
(3.01535e-05 -0.128561 0.152557)
(8.01348e-05 -0.15 0.176644)
(0.0768664 -0.15 0.153134)
(0.0511092 -0.128915 0.152694)
(0.0507335 -0.15 0.176314)
(0.127993 -0.15 0.153552)
(0.101862 -0.130046 0.152743)
(0.102392 -0.15 0.171738)
(-0.128276 -0.102941 0.153331)
(-0.0762994 -0.103054 0.152523)
(-0.100669 -0.0767393 0.151208)
(-0.0998179 -0.102837 0.173234)
(-0.0253511 -0.102958 0.1521)
(-0.0506554 -0.0769011 0.151687)
(-0.0505771 -0.103167 0.176452)
(0.0253945 -0.102958 0.152098)
(2.665e-05 -0.0769151 0.152034)
(4.55175e-05 -0.102967 0.177889)
(0.0763098 -0.103055 0.15252)
(0.0506835 -0.0769012 0.151683)
(0.0506115 -0.103167 0.176446)
(0.128277 -0.102941 0.15333)
(0.100674 -0.0767397 0.151206)
(0.0998215 -0.102837 0.173232)
(-0.128287 -0.0506735 0.153322)
(-0.0760291 -0.0508893 0.152121)
(-0.100587 -0.0253047 0.151139)
(-0.0997154 -0.0506434 0.173288)
(-0.0252459 -0.0510783 0.151698)
(-0.0505768 -0.025436 0.151531)
(-0.0504195 -0.0507929 0.175997)
(0.0252915 -0.0510783 0.151695)
(2.60959e-05 -0.0254775 0.151889)
(3.53375e-05 -0.0508189 0.177431)
(0.076043 -0.0508894 0.152117)
(0.0506074 -0.025436 0.151526)
(0.0504584 -0.0507929 0.175989)
(0.128288 -0.0506735 0.153322)
(0.100592 -0.0253047 0.151137)
(0.0997205 -0.0506434 0.173285)
(-0.128287 5.17801e-10 0.153322)
(-0.0760045 -5.32748e-10 0.152093)
(-0.100587 0.0253047 0.151139)
(-0.0996943 1.7507e-10 0.173299)
(-0.0252311 5.96858e-09 0.151648)
(-0.0505768 0.0254361 0.151531)
(-0.0504072 -5.92729e-10 0.175979)
(0.0252774 5.5293e-09 0.151645)
(2.60939e-05 0.0254777 0.151889)
(3.49909e-05 1.17085e-09 0.177401)
(0.0760193 -1.70414e-09 0.152089)
(0.0506075 0.0254361 0.151526)
(0.0504477 -6.4834e-10 0.17597)
(0.128288 -1.38778e-17 0.153322)
(0.100592 0.0253047 0.151137)
(0.0996998 -4.63518e-15 0.173296)
(-0.128287 0.0506735 0.153322)
(-0.0760291 0.0508895 0.152121)
(-0.100669 0.0767396 0.151208)
(-0.0997154 0.0506434 0.173288)
(-0.025246 0.0510786 0.151698)
(-0.0506553 0.0769006 0.151687)
(-0.0504195 0.050793 0.175997)
(0.0252915 0.0510786 0.151695)
(2.66528e-05 0.0769148 0.152033)
(3.53375e-05 0.0508189 0.177431)
(0.0760431 0.0508896 0.152117)
(0.0506834 0.0769009 0.151683)
(0.0504584 0.050793 0.175989)
(0.128288 0.0506735 0.153322)
(0.100674 0.0767394 0.151206)
(0.0997205 0.0506434 0.173285)
(-0.128276 0.102941 0.153331)
(-0.0762994 0.103055 0.152523)
(-0.10186 0.130046 0.152744)
(-0.0998179 0.102837 0.173234)
(-0.0253511 0.102958 0.1521)
(-0.0510899 0.128915 0.152695)
(-0.0505771 0.103167 0.176452)
(0.0253945 0.102958 0.152098)
(3.01624e-05 0.128561 0.152557)
(4.55195e-05 0.102967 0.177889)
(0.0763098 0.103055 0.15252)
(0.0511092 0.128915 0.152694)
(0.0506115 0.103167 0.176446)
(0.128277 0.102941 0.15333)
(0.101862 0.130046 0.152743)
(0.0998215 0.102837 0.173232)
(-0.127993 0.15 0.153552)
(-0.0768622 0.15 0.153134)
(-0.102392 0.15 0.171738)
(-0.0254813 0.15 0.152252)
(-0.0507177 0.15 0.176314)
(0.0255159 0.15 0.152252)
(8.01348e-05 0.15 0.176644)
(0.0768664 0.15 0.153134)
(0.0507335 0.15 0.176314)
(0.127993 0.15 0.153552)
(0.102392 0.15 0.171738)
(-0.025769 -0.15 0.198859)
(-0.04755 -0.127536 0.194101)
(0.025769 -0.15 0.198859)
(0.000101728 -0.127247 0.199995)
(0.0475811 -0.127535 0.194094)
(-0.0248504 -0.102618 0.198259)
(-0.0474618 -0.0765374 0.194121)
(0.0249239 -0.102618 0.19825)
(4.54346e-05 -0.0763752 0.199998)
(0.0475082 -0.0765374 0.19411)
(-0.024829 -0.0506002 0.198262)
(-0.0474517 -0.025214 0.194123)
(0.0248992 -0.0506002 0.198253)
(4.17598e-05 -0.0251925 0.199998)
(0.0475021 -0.0252141 0.194112)
(-0.0248209 -3.11236e-12 0.198263)
(-0.0474517 0.025214 0.194123)
(0.0248931 -8.30225e-13 0.198254)
(4.17597e-05 0.0251925 0.199998)
(0.0475021 0.0252141 0.194112)
(-0.024829 0.0506002 0.198262)
(-0.0474618 0.0765374 0.194121)
(0.0248992 0.0506002 0.198253)
(4.54345e-05 0.0763752 0.199998)
(0.0475082 0.0765374 0.19411)
(-0.0248504 0.102618 0.198259)
(-0.04755 0.127536 0.194101)
(0.0249239 0.102618 0.19825)
(0.000101728 0.127247 0.199995)
(0.0475811 0.127535 0.194094)
(-0.025769 0.15 0.198859)
(0.025769 0.15 0.198859)
(-0.0249824 -0.127351 -0.198373)
(0.025026 -0.127351 -0.198369)
(-0.0248512 -0.0764293 -0.198384)
(0.0248658 -0.0764293 -0.198383)
(-0.0248481 -0.0251999 -0.198384)
(0.0248501 -0.0251999 -0.198384)
(-0.0248501 0.0251999 -0.198384)
(0.0248481 0.0251999 -0.198384)
(-0.0248658 0.0764293 -0.198383)
(0.0248512 0.0764293 -0.198384)
(-0.025026 0.127351 -0.198369)
(0.0249824 0.127351 -0.198373)
(-0.0786759 -0.15 -0.183937)
(-0.0254256 -0.15 -0.176426)
(0.0254692 -0.15 -0.176426)
(0.0786759 -0.15 -0.183937)
(-0.0997142 -0.127676 -0.173152)
(-0.128154 -0.127561 -0.153309)
(-0.0509544 -0.130043 -0.177939)
(-0.0813216 -0.102704 -0.182566)
(-0.0767235 -0.129388 -0.153564)
(4.61268e-05 -0.129539 -0.178937)
(-0.0252337 -0.103056 -0.177254)
(-0.025425 -0.128633 -0.152531)
(0.0509693 -0.130043 -0.177937)
(0.0252612 -0.103056 -0.177253)
(0.0254529 -0.128633 -0.152531)
(0.0997145 -0.127676 -0.173152)
(0.081323 -0.102704 -0.182566)
(0.0767274 -0.129388 -0.153564)
(0.128154 -0.127561 -0.153309)
(-0.0996522 -0.0765299 -0.173189)
(-0.128191 -0.0766009 -0.153278)
(-0.0504272 -0.0766961 -0.176109)
(-0.0813973 -0.0506178 -0.18253)
(-0.0760306 -0.0767687 -0.152209)
(1.00566e-05 -0.0766732 -0.177464)
(-0.0251718 -0.0508228 -0.176746)
(-0.0252703 -0.0769224 -0.151839)
(0.0504343 -0.0766961 -0.176107)
(0.0251785 -0.0508228 -0.176746)
(0.0252829 -0.0769224 -0.151839)
(0.0996525 -0.0765299 -0.173188)
(0.0813977 -0.0506178 -0.18253)
(0.0760328 -0.0767687 -0.152209)
(0.128191 -0.0766009 -0.153277)
(-0.0996378 -0.025214 -0.173197)
(-0.128204 -0.0252244 -0.153267)
(-0.0504128 -0.025295 -0.176007)
(-0.0814104 -1.8752e-09 -0.182524)
(-0.0759833 -0.025352 -0.152083)
(1.53599e-06 -0.0253198 -0.177339)
(-0.0251697 5.59339e-09 -0.176715)
(-0.0252432 -0.02547 -0.151674)
(0.0504141 -0.025295 -0.176007)
(0.0251697 7.16633e-09 -0.176715)
(0.0252459 -0.02547 -0.151674)
(0.0996378 -0.025214 -0.173197)
(0.0814104 1.60436e-09 -0.182524)
(0.0759839 -0.025352 -0.152083)
(0.128204 -0.0252244 -0.153267)
(-0.0996378 0.025214 -0.173197)
(-0.128204 0.0252244 -0.153267)
(-0.0504141 0.0252951 -0.176007)
(-0.0813978 0.0506178 -0.18253)
(-0.0759839 0.0253521 -0.152083)
(-1.52835e-06 0.0253199 -0.177339)
(-0.0251785 0.0508228 -0.176746)
(-0.0252458 0.02547 -0.151674)
(0.0504128 0.0252951 -0.176008)
(0.0251718 0.0508228 -0.176746)
(0.0252432 0.02547 -0.151674)
(0.0996378 0.025214 -0.173197)
(0.0813973 0.0506178 -0.18253)
(0.0759834 0.0253521 -0.152083)
(0.128204 0.0252244 -0.153267)
(-0.0996525 0.0765299 -0.173188)
(-0.128191 0.0766008 -0.153277)
(-0.0504343 0.0766959 -0.176107)
(-0.081323 0.102704 -0.182566)
(-0.0760327 0.0767683 -0.152208)
(-1.00525e-05 0.0766734 -0.177464)
(-0.0252612 0.103056 -0.177253)
(-0.0252828 0.0769223 -0.151838)
(0.0504271 0.0766959 -0.176109)
(0.0252337 0.103056 -0.177254)
(0.0252703 0.0769223 -0.151839)
(0.0996522 0.0765299 -0.173189)
(0.0813216 0.102704 -0.182566)
(0.0760305 0.0767683 -0.152209)
(0.128191 0.0766009 -0.153278)
(-0.0997146 0.127676 -0.173152)
(-0.128155 0.127561 -0.153309)
(-0.0509693 0.130043 -0.177937)
(-0.0786759 0.15 -0.183937)
(-0.0767274 0.129388 -0.153564)
(-4.61183e-05 0.129539 -0.178937)
(-0.0254692 0.15 -0.176426)
(-0.025453 0.128633 -0.152531)
(0.0509544 0.130043 -0.177939)
(0.0254256 0.15 -0.176426)
(0.0254249 0.128633 -0.152531)
(0.0997142 0.127676 -0.173152)
(0.0786759 0.15 -0.183937)
(0.0767236 0.129388 -0.153564)
(0.128154 0.127561 -0.153309)
(-0.126838 -0.15 -0.126908)
(-0.0762499 -0.15 -0.127155)
(-0.025308 -0.15 -0.126417)
(0.0253226 -0.15 -0.126417)
(0.0762527 -0.15 -0.127155)
(0.126838 -0.15 -0.126908)
(-0.153237 -0.127579 -0.128237)
(-0.173103 -0.127621 -0.0998267)
(-0.101675 -0.129008 -0.127194)
(-0.125776 -0.10321 -0.125838)
(-0.127155 -0.129008 -0.101764)
(-0.0507521 -0.128356 -0.126833)
(-0.0760037 -0.102981 -0.126833)
(-0.0759451 -0.128264 -0.10131)
(1.02188e-05 -0.128236 -0.126539)
(-0.0253137 -0.102875 -0.126606)
(-0.0252314 -0.128165 -0.100895)
(0.0507604 -0.128356 -0.126833)
(0.0253268 -0.102875 -0.126605)
(0.0252387 -0.128165 -0.100894)
(0.101676 -0.129008 -0.127194)
(0.0760072 -0.102981 -0.126833)
(0.0759471 -0.128264 -0.10131)
(0.153237 -0.127579 -0.128237)
(0.125776 -0.10321 -0.125838)
(0.127155 -0.129008 -0.101764)
(0.173102 -0.127621 -0.0998267)
(-0.153247 -0.076602 -0.128226)
(-0.173177 -0.0765231 -0.0996923)
(-0.100721 -0.0769256 -0.126073)
(-0.12543 -0.0508418 -0.125459)
(-0.126076 -0.0769297 -0.100774)
(0.100722 -0.0769255 -0.126073)
(0.153247 -0.076602 -0.128226)
(0.12543 -0.0508418 -0.125459)
(0.126076 -0.0769297 -0.100774)
(0.173177 -0.0765231 -0.0996923)
(-0.153255 -0.0252244 -0.128216)
(-0.173201 -0.0252133 -0.0996509)
(-0.100594 -0.0254332 -0.12591)
(-0.125416 5.16715e-09 -0.125436)
(-0.125926 -0.0254356 -0.100623)
(0.100595 -0.0254332 -0.12591)
(0.153255 -0.0252244 -0.128216)
(0.125416 1.18085e-08 -0.125436)
(0.125926 -0.0254357 -0.100623)
(0.173201 -0.0252133 -0.0996509)
(-0.153255 0.0252244 -0.128216)
(-0.173201 0.0252133 -0.0996509)
(-0.100595 0.0254332 -0.12591)
(-0.12543 0.0508418 -0.125459)
(-0.125926 0.0254357 -0.100623)
(0.100594 0.0254333 -0.12591)
(0.153255 0.0252244 -0.128216)
(0.12543 0.0508419 -0.125459)
(0.125926 0.0254358 -0.100623)
(0.173201 0.0252133 -0.0996509)
(-0.153247 0.076602 -0.128226)
(-0.173177 0.0765231 -0.0996923)
(-0.100722 0.0769256 -0.126073)
(-0.125776 0.10321 -0.125837)
(-0.126076 0.0769298 -0.100774)
(-0.0760072 0.102981 -0.126833)
(-0.0253267 0.102875 -0.126605)
(0.0253137 0.102875 -0.126606)
(0.100721 0.0769253 -0.126073)
(0.0760037 0.102981 -0.126833)
(0.153247 0.076602 -0.128226)
(0.125776 0.10321 -0.125838)
(0.126076 0.0769297 -0.100774)
(0.173177 0.0765231 -0.0996923)
(-0.153238 0.127579 -0.128237)
(-0.173103 0.127621 -0.0998266)
(-0.101676 0.129008 -0.127194)
(-0.126838 0.15 -0.126908)
(-0.127155 0.129008 -0.101764)
(-0.0507605 0.128356 -0.126833)
(-0.0762527 0.15 -0.127155)
(-0.0759472 0.128264 -0.10131)
(-1.01631e-05 0.128236 -0.126539)
(-0.0253226 0.15 -0.126417)
(-0.0252387 0.128165 -0.100894)
(0.0507519 0.128356 -0.126833)
(0.025308 0.15 -0.126417)
(0.0252314 0.128165 -0.100895)
(0.101675 0.129008 -0.127194)
(0.0762499 0.15 -0.127155)
(0.075945 0.128264 -0.10131)
(0.153237 0.127579 -0.128237)
(0.126838 0.15 -0.126908)
(0.127155 0.129005 -0.101764)
(0.173102 0.127621 -0.0998267)
(-0.184007 -0.15 -0.0793044)
(-0.12714 -0.15 -0.0763685)
(-0.0755844 -0.15 -0.075606)
(-0.0251005 -0.15 -0.0752821)
(0.0251027 -0.15 -0.0752821)
(0.075585 -0.15 -0.075606)
(0.12714 -0.15 -0.0763686)
(0.184007 -0.15 -0.0793044)
(-0.153518 -0.129376 -0.0768842)
(-0.182482 -0.10269 -0.0813758)
(-0.177885 -0.130054 -0.051053)
(-0.101285 -0.128264 -0.0759986)
(-0.126808 -0.102977 -0.0760743)
(-0.12682 -0.128356 -0.0508352)
(-0.0503751 -0.12815 -0.0755672)
(-0.0757973 -0.102858 -0.0758229)
(-0.0755559 -0.12815 -0.0503968)
(1.86325e-06 -0.128139 -0.0754222)
(-0.0252113 -0.102843 -0.0756463)
(-0.0251078 -0.128137 -0.0502157)
(0.0503771 -0.12815 -0.0755672)
(0.0252152 -0.102843 -0.0756463)
(0.0251091 -0.128137 -0.0502157)
(0.101286 -0.128264 -0.0759986)
(0.0757989 -0.102858 -0.0758229)
(0.0755564 -0.12815 -0.0503969)
(0.153518 -0.129376 -0.0768843)
(0.126808 -0.102978 -0.0760744)
(0.12682 -0.128355 -0.0508354)
(0.182482 -0.10269 -0.0813758)
(0.177885 -0.130054 -0.0510533)
(-0.152165 -0.0767649 -0.0760618)
(-0.182475 -0.050616 -0.0813921)
(-0.17605 -0.0766975 -0.0504469)
(0.152165 -0.0767649 -0.0760618)
(0.182475 -0.050616 -0.0813921)
(0.17605 -0.0766975 -0.050447)
(-0.15205 -0.0253519 -0.0759847)
(-0.182474 -1.67515e-11 -0.0813943)
(-0.175955 -0.0252953 -0.0504108)
(0.15205 -0.0253519 -0.0759847)
(0.182474 -1.37251e-12 -0.0813943)
(0.175955 -0.0252953 -0.0504108)
(-0.15205 0.025352 -0.0759847)
(-0.182475 0.050616 -0.0813921)
(-0.175955 0.0252955 -0.0504108)
(0.152051 0.025352 -0.0759847)
(0.182475 0.050616 -0.0813921)
(0.175955 0.0252955 -0.0504108)
(-0.152165 0.0767648 -0.0760617)
(-0.182482 0.10269 -0.0813758)
(-0.176051 0.0766982 -0.0504471)
(-0.126808 0.102978 -0.0760744)
(-0.0757986 0.102858 -0.0758228)
(-0.025215 0.102843 -0.0756463)
(0.0252115 0.102843 -0.0756463)
(0.0757973 0.102858 -0.0758229)
(0.152165 0.076765 -0.0760617)
(0.126808 0.102978 -0.0760744)
(0.182482 0.10269 -0.0813758)
(0.176051 0.0766983 -0.0504471)
(-0.153518 0.129376 -0.0768842)
(-0.184007 0.15 -0.0793044)
(-0.177886 0.130052 -0.0510531)
(-0.101286 0.128264 -0.0759986)
(-0.12714 0.15 -0.0763686)
(-0.126819 0.128356 -0.0508353)
(-0.050377 0.12815 -0.0755672)
(-0.075585 0.15 -0.075606)
(-0.0755562 0.12815 -0.0503969)
(-1.81907e-06 0.128139 -0.0754221)
(-0.0251027 0.15 -0.0752821)
(-0.0251091 0.128137 -0.0502157)
(0.050375 0.12815 -0.0755672)
(0.0251005 0.15 -0.0752821)
(0.0251079 0.128137 -0.0502157)
(0.101285 0.128264 -0.0759986)
(0.0755844 0.15 -0.075606)
(0.0755558 0.12815 -0.0503969)
(0.153516 0.129378 -0.0768834)
(0.12714 0.15 -0.0763686)
(0.126819 0.128356 -0.0508352)
(0.184007 0.15 -0.0793044)
(0.177886 0.130052 -0.0510531)
(-0.176441 -0.15 -0.0256257)
(-0.126416 -0.15 -0.0253734)
(-0.0752796 -0.15 -0.0251126)
(-0.0250306 -0.15 -0.0250319)
(0.0250308 -0.15 -0.0250319)
(0.0752796 -0.15 -0.0251127)
(0.126416 -0.15 -0.0253737)
(0.176441 -0.15 -0.0256268)
(-0.198303 -0.127349 -0.025122)
(-0.152547 -0.128629 -0.0255285)
(-0.177199 -0.103042 -0.0252963)
(-0.178944 -0.12955 -7.43167e-05)
(-0.10089 -0.128164 -0.0252647)
(-0.126596 -0.102873 -0.0253604)
(-0.126541 -0.128235 -2.83777e-05)
(-0.0502117 -0.128137 -0.0251147)
(-0.0756392 -0.102843 -0.0252279)
(-0.0754196 -0.128139 -6.60334e-06)
(3.52275e-07 -0.128136 -0.0250757)
(-0.0251543 -0.102854 -0.0251592)
(-0.025074 -0.128136 -1.52846e-06)
(0.0502121 -0.128137 -0.0251147)
(0.0251557 -0.102854 -0.0251592)
(0.0250745 -0.128136 -1.54409e-06)
(0.10089 -0.128164 -0.0252649)
(0.07564 -0.102843 -0.025228)
(0.0754199 -0.128139 -6.7043e-06)
(0.152547 -0.128629 -0.0255293)
(0.126596 -0.102873 -0.0253607)
(0.126541 -0.128235 -2.89089e-05)
(0.198302 -0.127349 -0.0251231)
(0.177199 -0.103042 -0.025297)
(0.178944 -0.12955 -7.66842e-05)
(-0.198341 -0.0764329 -0.0248779)
(-0.151815 -0.0769204 -0.0253002)
(-0.176714 -0.0508232 -0.0251815)
(-0.17747 -0.0766705 -9.26366e-06)
(0.151815 -0.0769202 -0.0253005)
(0.198341 -0.0764329 -0.0248783)
(0.176714 -0.0508232 -0.0251817)
(0.17747 -0.0766705 -9.77691e-06)
(-0.198345 -0.0252004 -0.0248517)
(-0.151653 -0.0254699 -0.0252467)
(-0.176685 6.782e-08 -0.0251685)
(-0.177348 -0.0253197 6.76183e-06)
(0.151654 -0.02547 -0.0252468)
(0.198345 -0.0252004 -0.0248517)
(0.176685 7.37438e-08 -0.0251685)
(0.177348 -0.0253197 6.66709e-06)
(-0.198345 0.0252004 -0.0248517)
(-0.151654 0.0254705 -0.0252468)
(-0.176715 0.050824 -0.0251817)
(-0.177348 0.02532 6.68094e-06)
(0.151654 0.0254705 -0.0252468)
(0.198345 0.0252004 -0.0248517)
(0.176715 0.0508241 -0.0251818)
(0.177349 0.02532 6.66202e-06)
(-0.198341 0.0764329 -0.0248783)
(-0.151816 0.076923 -0.0253006)
(-0.177219 0.103059 -0.0252995)
(-0.177473 0.0766735 -9.82112e-06)
(-0.126594 0.102875 -0.0253607)
(-0.0756392 0.102843 -0.025228)
(-0.0251551 0.102854 -0.0251592)
(0.0251548 0.102854 -0.0251592)
(0.0756392 0.102843 -0.025228)
(0.151816 0.0769231 -0.0253007)
(0.126594 0.102875 -0.0253607)
(0.198341 0.0764329 -0.0248783)
(0.177219 0.103059 -0.0252995)
(0.177473 0.0766736 -9.82893e-06)
(-0.198302 0.127349 -0.0251231)
(-0.152522 0.128633 -0.0255277)
(-0.176441 0.15 -0.0256268)
(-0.178945 0.129541 -7.6653e-05)
(-0.100889 0.128165 -0.0252648)
(-0.126416 0.15 -0.0253737)
(-0.126537 0.128236 -2.88648e-05)
(-0.0502119 0.128137 -0.0251147)
(-0.0752796 0.15 -0.0251127)
(-0.0754194 0.12814 -6.69456e-06)
(-1.7961e-07 0.128136 -0.0250758)
(-0.0250307 0.15 -0.0250319)
(-0.0250742 0.128136 -1.54166e-06)
(0.0502117 0.128137 -0.0251147)
(0.0250306 0.15 -0.0250319)
(0.0250743 0.128136 -1.54618e-06)
(0.100889 0.128165 -0.0252648)
(0.0752796 0.15 -0.0251127)
(0.0754195 0.12814 -6.70303e-06)
(0.152522 0.128633 -0.0255277)
(0.126416 0.15 -0.0253737)
(0.126537 0.128236 -2.88727e-05)
(0.198302 0.127349 -0.0251231)
(0.176441 0.15 -0.0256268)
(0.178945 0.129541 -7.66544e-05)
(-0.176547 -0.15 0.0254056)
(-0.126415 -0.15 0.0253172)
(-0.0752794 -0.15 0.0251028)
(-0.025031 -0.15 0.0250304)
(0.0250312 -0.15 0.0250304)
(0.0752794 -0.15 0.0251028)
(0.126415 -0.15 0.0253168)
(0.176547 -0.15 0.0254045)
(-0.198264 -0.127282 0.0249289)
(-0.15256 -0.128627 0.0254343)
(-0.177206 -0.103032 0.0252364)
(-0.17796 -0.130058 0.0510315)
(-0.100891 -0.128164 0.0252376)
(-0.126608 -0.102873 0.025324)
(-0.126818 -0.128357 0.0507937)
(-0.0502133 -0.128137 0.0251084)
(-0.0756445 -0.102843 0.0252149)
(-0.0755605 -0.128151 0.0503842)
(4.89406e-07 -0.128136 0.0250731)
(-0.025156 -0.102854 0.0251539)
(-0.0251107 -0.128137 0.050211)
(0.0502139 -0.128137 0.0251084)
(0.0251582 -0.102854 0.0251538)
(0.0251126 -0.128137 0.0502109)
(0.100891 -0.128164 0.0252374)
(0.0756458 -0.102843 0.0252147)
(0.0755614 -0.128151 0.0503841)
(0.15256 -0.128627 0.0254336)
(0.126609 -0.102873 0.0253236)
(0.126818 -0.128357 0.0507934)
(0.198264 -0.127282 0.0249278)
(0.177206 -0.103032 0.0252357)
(0.17796 -0.130058 0.0510311)
(-0.198272 -0.0764277 0.0248556)
(-0.151841 -0.0769198 0.025283)
(-0.176716 -0.0508223 0.025184)
(-0.176178 -0.0766977 0.0504629)
(0.151841 -0.0769196 0.0252827)
(0.198272 -0.0764277 0.0248553)
(0.176716 -0.0508224 0.0251838)
(0.176179 -0.0766977 0.0504627)
(-0.198272 -0.0252001 0.0248555)
(-0.151683 -0.0254698 0.0252553)
(-0.176686 6.6769e-08 0.0251803)
(-0.176086 -0.0252953 0.0504361)
(0.151683 -0.0254699 0.0252552)
(0.198272 -0.0252001 0.0248555)
(0.176686 7.24602e-08 0.0251802)
(0.176086 -0.0252953 0.050436)
(-0.198272 0.0252001 0.0248555)
(-0.151683 0.0254705 0.0252553)
(-0.176716 0.0508231 0.0251838)
(-0.176086 0.0252955 0.050436)
(0.151683 0.0254705 0.0252552)
(0.198272 0.0252001 0.0248555)
(0.176716 0.0508232 0.0251838)
(0.176086 0.0252955 0.050436)
(-0.198272 0.0764277 0.0248553)
(-0.151841 0.0769224 0.0252828)
(-0.177226 0.10305 0.0252374)
(-0.176179 0.0766985 0.0504628)
(-0.126606 0.102875 0.0253236)
(-0.0756442 0.102843 0.0252148)
(-0.0251561 0.102854 0.0251539)
(0.025158 0.102854 0.0251538)
(0.0756453 0.102843 0.0252147)
(0.151842 0.0769225 0.0252827)
(0.126606 0.102875 0.0253236)
(0.198272 0.0764277 0.0248553)
(0.177226 0.10305 0.0252374)
(0.176179 0.0766985 0.0504628)
(-0.198264 0.127282 0.0249278)
(-0.152535 0.128631 0.0254327)
(-0.176547 0.15 0.0254045)
(-0.17796 0.130056 0.0510309)
(-0.10089 0.128165 0.0252373)
(-0.126415 0.15 0.0253168)
(-0.126817 0.128357 0.0507934)
(-0.0502132 0.128137 0.0251084)
(-0.0752794 0.15 0.0251028)
(-0.0755604 0.128151 0.0503842)
(4.0923e-07 0.128136 0.0250731)
(-0.025031 0.15 0.0250304)
(-0.0251107 0.128137 0.050211)
(0.0502138 0.128137 0.0251084)
(0.0250312 0.15 0.0250304)
(0.0251125 0.128137 0.0502109)
(0.10089 0.128165 0.0252373)
(0.0752794 0.15 0.0251028)
(0.0755612 0.128151 0.0503841)
(0.152535 0.128631 0.0254327)
(0.126415 0.15 0.0253168)
(0.126817 0.128357 0.0507934)
(0.198264 0.127282 0.0249278)
(0.176547 0.15 0.0254045)
(0.17796 0.130056 0.0510309)
(-0.183661 -0.15 0.0789024)
(-0.127104 -0.15 0.0763259)
(-0.0755934 -0.15 0.0755935)
(-0.0251063 -0.15 0.0752762)
(0.0251088 -0.15 0.0752762)
(0.0755941 -0.15 0.0755934)
(0.127104 -0.15 0.0763259)
(0.183661 -0.15 0.0789024)
(-0.153546 -0.129398 0.0768425)
(-0.18267 -0.102718 0.0814107)
(-0.17317 -0.127681 0.0998505)
(-0.101293 -0.128265 0.075981)
(-0.126848 -0.102984 0.0760619)
(-0.127163 -0.129009 0.101768)
(-0.0503885 -0.128151 0.0755566)
(-0.0758208 -0.102859 0.0758134)
(-0.0759846 -0.128265 0.101292)
(2.62236e-06 -0.128139 0.0754151)
(-0.0252193 -0.102843 0.0756379)
(-0.0252473 -0.128165 0.10088)
(0.0503915 -0.128151 0.0755565)
(0.0252268 -0.102843 0.0756377)
(0.0252574 -0.128165 0.10088)
(0.101294 -0.128265 0.0759809)
(0.0758244 -0.102859 0.0758131)
(0.0759877 -0.128265 0.101292)
(0.153544 -0.129399 0.0768416)
(0.126849 -0.102984 0.0760617)
(0.127164 -0.129006 0.101768)
(0.18267 -0.102718 0.0814107)
(0.17317 -0.127681 0.0998505)
(-0.152292 -0.0767721 0.0760794)
(-0.182664 -0.0506196 0.0814272)
(-0.173272 -0.0765322 0.0996842)
(-0.126125 -0.0769274 0.100776)
(0.152292 -0.0767723 0.0760792)
(0.126127 -0.0769275 0.100776)
(0.182664 -0.0506196 0.0814272)
(0.173272 -0.0765322 0.0996841)
(-0.152187 -0.0253525 0.0760059)
(-0.182664 4.39498e-10 0.0814271)
(-0.173302 -0.0252143 0.0996367)
(-0.125987 -0.0254336 0.10063)
(0.152187 -0.0253525 0.0760058)
(0.125989 -0.0254337 0.10063)
(0.182664 -1.38778e-16 0.0814271)
(0.173302 -0.0252143 0.0996367)
(-0.152187 0.0253527 0.0760059)
(-0.182664 0.0506196 0.0814272)
(-0.173302 0.0252143 0.0996367)
(-0.125987 0.0254338 0.10063)
(0.152187 0.0253527 0.0760059)
(0.125989 0.0254338 0.10063)
(0.182664 0.0506196 0.0814272)
(0.173302 0.0252143 0.0996367)
(-0.152292 0.0767719 0.0760791)
(-0.18267 0.102718 0.0814107)
(-0.173272 0.0765322 0.0996841)
(-0.126848 0.102984 0.0760617)
(-0.126125 0.0769271 0.100776)
(-0.0758206 0.102859 0.0758134)
(-0.0252193 0.102843 0.0756379)
(0.0252268 0.102843 0.0756377)
(0.0758242 0.102859 0.0758131)
(0.152292 0.0767721 0.0760791)
(0.126848 0.102984 0.0760617)
(0.126127 0.0769272 0.100776)
(0.18267 0.102718 0.0814107)
(0.173272 0.0765322 0.0996841)
(-0.153545 0.129398 0.0768423)
(-0.183661 0.15 0.0789024)
(-0.17317 0.127681 0.0998505)
(-0.101293 0.128265 0.0759809)
(-0.127104 0.15 0.0763259)
(-0.127163 0.129009 0.101768)
(-0.0503885 0.128151 0.0755566)
(-0.0755934 0.15 0.0755934)
(-0.0759846 0.128265 0.101292)
(2.60646e-06 0.128139 0.0754151)
(-0.0251063 0.15 0.0752762)
(-0.0252473 0.128165 0.10088)
(0.0503915 0.128151 0.0755565)
(0.0251088 0.15 0.0752762)
(0.0252573 0.128165 0.10088)
(0.101293 0.128265 0.0759808)
(0.0755941 0.15 0.0755934)
(0.0759877 0.128265 0.101292)
(0.153544 0.1294 0.0768415)
(0.127104 0.15 0.0763259)
(0.127164 0.129007 0.101768)
(0.183661 0.15 0.0789024)
(0.17317 0.127681 0.0998505)
(-0.126835 -0.15 0.126972)
(-0.0763443 -0.15 0.127104)
(-0.0253397 -0.15 0.126392)
(0.0253569 -0.15 0.126392)
(0.0763476 -0.15 0.127104)
(0.126835 -0.15 0.126972)
(-0.153307 -0.127567 0.128307)
(-0.101754 -0.129013 0.127195)
(-0.125868 -0.103212 0.125865)
(-0.128224 -0.127576 0.153371)
(-0.0508153 -0.128357 0.126796)
(-0.0760819 -0.102984 0.126825)
(-0.0768952 -0.129399 0.15348)
(1.37427e-05 -0.128235 0.126522)
(-0.0253349 -0.102874 0.126586)
(-0.0254692 -0.128628 0.152518)
(0.0508272 -0.128357 0.126796)
(0.0253601 -0.102874 0.126585)
(0.0255082 -0.128628 0.152517)
(0.101756 -0.12901 0.127195)
(0.0760904 -0.102984 0.126824)
(0.0769013 -0.1294 0.153478)
(0.153308 -0.127567 0.128307)
(0.125869 -0.103211 0.125865)
(0.128225 -0.127576 0.153371)
(-0.153353 -0.0766014 0.128256)
(-0.100815 -0.0769339 0.126132)
(-0.125532 -0.0508425 0.125487)
(-0.128284 -0.076603 0.153324)
(-0.0760908 -0.0767746 0.152205)
(-0.0252764 -0.0769212 0.151813)
(0.0253214 -0.0769213 0.15181)
(0.10082 -0.076934 0.12613)
(0.0761035 -0.0767748 0.152201)
(0.153353 -0.0766014 0.128256)
(0.125533 -0.0508425 0.125486)
(0.128285 -0.076603 0.153324)
(-0.153365 -0.0252244 0.128243)
(-0.100677 -0.0254365 0.125979)
(-0.125516 9.09614e-09 0.125466)
(-0.128287 -0.0252246 0.153322)
(-0.0760093 -0.0253534 0.152098)
(-0.0252342 -0.0254703 0.151658)
(0.0252803 -0.0254703 0.151654)
(0.100683 -0.0254366 0.125978)
(0.0760239 -0.0253534 0.152094)
(0.153365 -0.0252244 0.128243)
(0.125517 8.04319e-09 0.125465)
(0.128288 -0.0252246 0.153322)
(-0.153365 0.0252244 0.128243)
(-0.100677 0.0254366 0.125979)
(-0.125532 0.0508426 0.125487)
(-0.128287 0.0252246 0.153322)
(-0.0760093 0.0253534 0.152098)
(-0.0252342 0.0254705 0.151658)
(0.0252803 0.0254705 0.151654)
(0.100683 0.0254366 0.125978)
(0.076024 0.0253535 0.152094)
(0.153365 0.0252244 0.128243)
(0.125533 0.0508426 0.125486)
(0.128288 0.0252246 0.153322)
(-0.153353 0.0766014 0.128256)
(-0.100815 0.076934 0.126132)
(-0.125868 0.103211 0.125865)
(-0.128284 0.076603 0.153324)
(-0.0760819 0.102985 0.126825)
(-0.0760907 0.0767744 0.152204)
(-0.0253348 0.102874 0.126586)
(-0.0252764 0.0769209 0.151813)
(0.02536 0.102874 0.126585)
(0.0253214 0.076921 0.15181)
(0.10082 0.0769339 0.12613)
(0.0760905 0.102984 0.126824)
(0.0761034 0.0767744 0.152201)
(0.153353 0.0766014 0.128256)
(0.125869 0.103211 0.125865)
(0.128285 0.076603 0.153324)
(-0.153308 0.127567 0.128307)
(-0.101754 0.12901 0.127196)
(-0.126835 0.15 0.126972)
(-0.128225 0.127576 0.153371)
(-0.0508153 0.128357 0.126796)
(-0.0763443 0.15 0.127104)
(-0.0768944 0.1294 0.153479)
(1.37834e-05 0.128235 0.126522)
(-0.0253397 0.15 0.126392)
(-0.0254691 0.128628 0.152518)
(0.050827 0.128357 0.126796)
(0.0253569 0.15 0.126392)
(0.0255082 0.128628 0.152517)
(0.101756 0.12901 0.127195)
(0.0763476 0.15 0.127104)
(0.0769013 0.1294 0.153478)
(0.153308 0.127567 0.128307)
(0.126835 0.15 0.126972)
(0.128225 0.127576 0.153371)
(-0.0791596 -0.15 0.183463)
(-0.0254966 -0.15 0.176437)
(0.0255479 -0.15 0.176437)
(0.0791596 -0.15 0.183463)
(-0.0999585 -0.127681 0.173159)
(-0.0510568 -0.130052 0.177859)
(-0.081426 -0.102724 0.18251)
(6.47169e-05 -0.129556 0.178956)
(-0.0252426 -0.103037 0.177176)
(-0.0249931 -0.127309 0.19824)
(0.051083 -0.130052 0.177855)
(0.0253059 -0.103037 0.17717)
(0.0250649 -0.127309 0.198231)
(0.0999606 -0.127681 0.173158)
(0.0814355 -0.102724 0.182506)
(-0.0997533 -0.0765336 0.173268)
(-0.0504492 -0.0766999 0.176071)
(-0.0814109 -0.0506212 0.182516)
(3.7737e-05 -0.0766705 0.177524)
(-0.025158 -0.0508232 0.176695)
(-0.0248373 -0.0764301 0.198261)
(0.0504865 -0.0766999 0.176064)
(0.0252181 -0.0508232 0.176689)
(0.0249077 -0.0764301 0.198252)
(0.0997579 -0.0765336 0.173266)
(0.081424 -0.0506213 0.182511)
(-0.0996988 -0.0252146 0.173297)
(-0.0504098 -0.0252959 0.175981)
(-0.081406 8.35227e-11 0.182518)
(3.49574e-05 -0.0253197 0.177406)
(-0.0251483 -1.17384e-09 0.176666)
(-0.024823 -0.0252003 0.198263)
(0.0504498 -0.0252959 0.175973)
(0.0252092 -1.23409e-09 0.17666)
(0.0248945 -0.0252003 0.198254)
(0.0997042 -0.0252146 0.173294)
(0.0814201 -2.53964e-14 0.182512)
(-0.0996988 0.0252146 0.173297)
(-0.0504098 0.0252959 0.175981)
(-0.0814109 0.0506212 0.182516)
(3.4957e-05 0.0253198 0.177406)
(-0.025158 0.0508232 0.176695)
(-0.024823 0.0252003 0.198263)
(0.0504499 0.0252959 0.175973)
(0.0252181 0.0508232 0.176689)
(0.0248945 0.0252003 0.198254)
(0.0997042 0.0252146 0.173294)
(0.081424 0.0506213 0.182511)
(-0.0997533 0.0765336 0.173268)
(-0.0504491 0.0766997 0.176071)
(-0.081426 0.102724 0.18251)
(3.77355e-05 0.0766707 0.177524)
(-0.0252426 0.103037 0.177176)
(-0.0248373 0.0764301 0.198261)
(0.0504865 0.0766997 0.176064)
(0.0253059 0.103037 0.17717)
(0.0249077 0.0764301 0.198252)
(0.0997579 0.0765336 0.173266)
(0.0814355 0.102724 0.182506)
(-0.0999586 0.127681 0.173159)
(-0.0510568 0.130052 0.177859)
(-0.0791596 0.15 0.183463)
(6.47157e-05 0.129556 0.178956)
(-0.0254966 0.15 0.176437)
(-0.0249931 0.127309 0.19824)
(0.051083 0.130052 0.177855)
(0.0255479 0.15 0.176437)
(0.0250649 0.127309 0.198231)
(0.0999606 0.127681 0.173158)
(0.0791596 0.15 0.183463)
(-0.0758266 -0.0769856 -0.126578)
(-0.0252877 -0.0771011 -0.126547)
(0.0252969 -0.0771012 -0.126547)
(0.0758293 -0.0769856 -0.126578)
(-0.0757304 -0.0255042 -0.126423)
(-0.0252645 -0.025597 -0.126479)
(0.0252671 -0.025597 -0.126479)
(0.0757313 -0.0255042 -0.126423)
(-0.0757312 0.0255042 -0.126423)
(-0.0252669 0.0255971 -0.126479)
(0.0252647 0.0255971 -0.126479)
(0.0757306 0.0255043 -0.126423)
(-0.0758291 0.0769854 -0.126578)
(-0.0252967 0.077101 -0.126547)
(0.0252878 0.0771011 -0.126547)
(0.0758266 0.0769853 -0.126578)
(-0.126557 -0.0769864 -0.0758695)
(-0.0758027 -0.0772386 -0.0758238)
(-0.0252417 -0.0773102 -0.0757611)
(0.0252454 -0.0773102 -0.0757611)
(0.0758044 -0.0772386 -0.0758238)
(0.126557 -0.0769864 -0.0758695)
(-0.126413 -0.0255055 -0.0757471)
(-0.0757984 -0.0256959 -0.0758154)
(-0.0252705 -0.0258042 -0.0758719)
(0.0252724 -0.0258042 -0.0758719)
(0.0757993 -0.0256959 -0.0758154)
(0.126413 -0.0255056 -0.0757471)
(-0.126413 0.0255057 -0.0757471)
(-0.0757989 0.0256961 -0.0758153)
(-0.0252717 0.0258043 -0.0758719)
(0.0252712 0.0258043 -0.0758719)
(0.0757988 0.0256962 -0.0758154)
(0.126413 0.0255058 -0.0757472)
(-0.126557 0.0769866 -0.0758694)
(-0.075804 0.0772387 -0.0758238)
(-0.025245 0.0773103 -0.0757611)
(0.025242 0.0773103 -0.0757611)
(0.0758027 0.0772387 -0.0758238)
(0.126557 0.0769865 -0.0758694)
(-0.126533 -0.0771001 -0.0253157)
(-0.0757534 -0.0773102 -0.0252557)
(-0.0252103 -0.0773712 -0.0252157)
(0.0252124 -0.0773712 -0.0252158)
(0.0757547 -0.0773102 -0.0252558)
(0.126534 -0.0771 -0.0253159)
(-0.126467 -0.0255969 -0.0252711)
(-0.0758662 -0.0258042 -0.0252774)
(-0.025267 -0.0259224 -0.0252711)
(0.0252695 -0.0259224 -0.0252711)
(0.0758677 -0.0258042 -0.0252775)
(0.126467 -0.025597 -0.0252712)
(-0.126467 0.0255976 -0.0252711)
(-0.0758663 0.0258046 -0.0252774)
(-0.0252675 0.0259227 -0.0252711)
(0.025269 0.0259227 -0.0252711)
(0.0758674 0.0258046 -0.0252775)
(0.126467 0.0255976 -0.0252712)
(-0.126533 0.0771014 -0.0253158)
(-0.0757536 0.0773106 -0.0252557)
(-0.0252112 0.0773713 -0.0252157)
(0.0252114 0.0773713 -0.0252158)
(0.0757539 0.0773106 -0.0252558)
(0.126533 0.0771015 -0.0253159)
(-0.126555 -0.0771002 0.025299)
(-0.0757627 -0.0773104 0.0252465)
(-0.0252126 -0.0773713 0.0252104)
(0.0252163 -0.0773713 0.0252103)
(0.075765 -0.0773104 0.0252462)
(0.126556 -0.0771002 0.0252987)
(-0.126497 -0.0255969 0.0252758)
(-0.0758813 -0.0258043 0.0252774)
(-0.02527 -0.0259224 0.0252685)
(0.0252757 -0.0259224 0.0252684)
(0.0758848 -0.0258043 0.0252771)
(0.126498 -0.025597 0.0252756)
(-0.126497 0.0255976 0.0252757)
(-0.0758813 0.0258047 0.0252773)
(-0.0252702 0.0259227 0.0252685)
(0.0252755 0.0259227 0.0252684)
(0.0758846 0.0258047 0.0252771)
(0.126498 0.0255976 0.0252756)
(-0.126555 0.0771016 0.0252987)
(-0.0757625 0.0773108 0.0252463)
(-0.0252128 0.0773714 0.0252103)
(0.025216 0.0773714 0.0252103)
(0.0757646 0.0773108 0.0252462)
(0.126555 0.0771016 0.0252987)
(-0.126625 -0.0769876 0.0758702)
(-0.0758336 -0.0772399 0.0758218)
(-0.0252496 -0.0773106 0.0757548)
(0.02526 -0.0773107 0.0757545)
(0.0758391 -0.0772399 0.0758213)
(0.126626 -0.0769877 0.07587)
(-0.126494 -0.0255046 0.0757578)
(-0.0758422 -0.0256964 0.0758202)
(-0.0252773 -0.0258045 0.0758715)
(0.0252919 -0.0258045 0.0758709)
(0.0758499 -0.0256964 0.0758193)
(0.126496 -0.0255047 0.0757575)
(-0.126494 0.0255049 0.0757578)
(-0.0758422 0.0256966 0.0758201)
(-0.0252773 0.0258046 0.0758715)
(0.0252919 0.0258046 0.0758709)
(0.0758499 0.0256966 0.0758193)
(0.126496 0.0255049 0.0757575)
(-0.126625 0.0769876 0.07587)
(-0.0758335 0.07724 0.0758217)
(-0.0252496 0.0773107 0.0757548)
(0.0252599 0.0773107 0.0757544)
(0.0758388 0.0772401 0.0758212)
(0.126626 0.0769877 0.0758698)
(-0.0758907 -0.0769915 0.12659)
(-0.0252995 -0.0771012 0.126533)
(0.0253288 -0.0771012 0.126532)
(0.0759018 -0.0769916 0.126588)
(-0.075777 -0.0255068 0.126453)
(-0.025265 -0.0255975 0.126475)
(0.025298 -0.0255975 0.126473)
(0.0757904 -0.0255068 0.12645)
(-0.075777 0.0255068 0.126453)
(-0.0252651 0.0255976 0.126475)
(0.025298 0.0255976 0.126473)
(0.0757904 0.0255069 0.12645)
(-0.0758907 0.0769915 0.12659)
(-0.0252995 0.0771011 0.126533)
(0.0253288 0.0771012 0.126532)
(0.0759018 0.0769915 0.126588)
(-0.050553 -0.0512305 -0.126453)
(3.04595e-06 -0.0512959 -0.126561)
(0.0505565 -0.0512305 -0.126453)
(-0.0505331 1.87942e-09 -0.126408)
(-3.30683e-09 3.66592e-08 -0.126538)
(0.0505332 7.47544e-09 -0.126408)
(-0.0505564 0.0512307 -0.126453)
(-3.10383e-06 0.0512962 -0.126561)
(0.0505532 0.0512307 -0.126453)
(-0.050543 -0.0772078 -0.101153)
(3.38188e-06 -0.0772439 -0.101132)
(0.0505471 -0.0772078 -0.101153)
(-0.0757481 -0.051316 -0.101098)
(-0.101088 -0.0513159 -0.07577)
(-0.0252684 -0.0514654 -0.101173)
(-0.0505236 -0.0256682 -0.101151)
(-0.0505237 -0.0515579 -0.0758275)
(0.0252725 -0.0514654 -0.101173)
(1.0461e-06 -0.0257149 -0.101216)
(1.57122e-06 -0.0516208 -0.0758272)
(0.0757498 -0.051316 -0.101098)
(0.0505252 -0.0256682 -0.101151)
(0.050526 -0.051558 -0.0758275)
(0.101089 -0.0513159 -0.0757701)
(-0.07572 4.09368e-08 -0.101062)
(-0.101057 9.15613e-08 -0.0757336)
(-0.025269 4.29423e-08 -0.101196)
(-0.0505249 0.0256683 -0.101151)
(-0.0505424 6.63012e-08 -0.0758639)
(0.0252694 4.65716e-08 -0.101196)
(-9.61033e-07 0.025715 -0.101216)
(2.02772e-07 6.4909e-08 -0.0758989)
(0.0757202 4.1164e-08 -0.101062)
(0.0505239 0.0256684 -0.101151)
(0.0505429 6.60898e-08 -0.075864)
(0.101057 8.75387e-08 -0.0757336)
(-0.0757495 0.0513161 -0.101098)
(-0.101089 0.0513162 -0.07577)
(-0.0252722 0.0514655 -0.101173)
(-0.0505469 0.0772078 -0.101153)
(-0.0505255 0.0515581 -0.0758274)
(0.0252688 0.0514655 -0.101173)
(-3.20878e-06 0.0772439 -0.101132)
(-1.09206e-06 0.0516209 -0.0758272)
(0.0757483 0.0513162 -0.101098)
(0.0505431 0.0772078 -0.101153)
(0.0505241 0.0515581 -0.0758275)
(0.101089 0.0513163 -0.0757701)
(-0.101138 -0.077208 -0.0505713)
(-0.050474 -0.0773297 -0.0504857)
(1.31854e-06 -0.0773573 -0.0504506)
(0.0504759 -0.0773297 -0.0504858)
(0.101138 -0.077208 -0.0505715)
(-0.126433 -0.0512308 -0.0505728)
(-0.0758151 -0.051558 -0.0505385)
(-0.101139 -0.0256682 -0.0505368)
(-0.101164 -0.0514653 -0.0252817)
(-0.0252503 -0.0516817 -0.0505202)
(-0.0505466 -0.0258485 -0.0505551)
(-0.0505142 -0.0516818 -0.0252576)
(0.0252527 -0.0516817 -0.0505202)
(1.00267e-06 -0.0258997 -0.0505578)
(1.28405e-06 -0.0517267 -0.0252486)
(0.0758165 -0.051558 -0.0505386)
(0.0505482 -0.0258485 -0.0505552)
(0.0505163 -0.0516818 -0.0252577)
(0.126433 -0.0512308 -0.0505729)
(0.10114 -0.0256682 -0.0505369)
(0.101165 -0.0514654 -0.0252819)
(-0.12639 1.41631e-07 -0.0505412)
(-0.0758543 1.24963e-07 -0.050551)
(-0.101139 0.0256686 -0.0505368)
(-0.101189 2.19143e-07 -0.0252744)
(-0.0252773 9.30806e-08 -0.0505774)
(-0.0505472 0.0258487 -0.0505551)
(-0.0505729 1.40105e-07 -0.0252819)
(0.0252785 9.61062e-08 -0.0505774)
(1.40499e-07 0.0258999 -0.0505578)
(1.09639e-06 1.08134e-07 -0.0252792)
(0.0758551 1.30529e-07 -0.0505511)
(0.0505476 0.0258487 -0.0505552)
(0.0505747 1.44135e-07 -0.025282)
(0.126391 1.48879e-07 -0.0505412)
(0.10114 0.0256686 -0.0505369)
(0.10119 2.30256e-07 -0.0252745)
(-0.126433 0.0512315 -0.0505729)
(-0.0758157 0.0515583 -0.0505385)
(-0.101138 0.0772084 -0.0505714)
(-0.101164 0.051466 -0.0252818)
(-0.0252517 0.0516819 -0.0505202)
(-0.0504752 0.0773298 -0.0504857)
(-0.0505147 0.051682 -0.0252576)
(0.0252512 0.0516819 -0.0505202)
(-6.66968e-07 0.0773574 -0.0504506)
(4.07328e-07 0.0517269 -0.0252486)
(0.0758157 0.0515584 -0.0505386)
(0.0504744 0.0773299 -0.0504858)
(0.0505155 0.051682 -0.0252577)
(0.126433 0.0512316 -0.050573)
(0.101138 0.0772085 -0.0505714)
(0.101165 0.0514661 -0.0252818)
(-0.10113 -0.0772435 -7.48413e-06)
(-0.0504473 -0.0773573 -3.48207e-06)
(1.28676e-06 -0.0773832 -2.43105e-06)
(0.0504493 -0.0773573 -3.59179e-06)
(0.101131 -0.0772435 -7.71662e-06)
(-0.12656 -0.0512955 -2.42611e-06)
(-0.0758264 -0.0516208 -2.6287e-06)
(-0.101218 -0.0257148 2.10565e-07)
(-0.101184 -0.0514655 0.0252776)
(-0.0252454 -0.0517267 -2.12618e-06)
(-0.0505569 -0.0258997 -1.14658e-06)
(-0.0505215 -0.0516819 0.0252535)
(0.0252486 -0.0517267 -2.19878e-06)
(1.89109e-06 -0.0259403 -1.5623e-06)
(2.59295e-06 -0.0517268 0.0252445)
(0.0758284 -0.0516208 -2.80895e-06)
(0.0505599 -0.0258997 -1.29521e-06)
(0.0505256 -0.0516819 0.0252533)
(0.126561 -0.0512956 -2.66005e-06)
(0.101219 -0.0257148 -4.4399e-08)
(0.101186 -0.0514656 0.0252774)
(-0.12654 2.72937e-07 2.81216e-06)
(-0.0759007 1.93877e-07 9.86775e-08)
(-0.101218 0.0257154 1.5463e-07)
(-0.101212 2.15905e-07 0.025278)
(-0.0252772 1.23806e-07 -1.12956e-06)
(-0.050557 0.0259 -1.16561e-06)
(-0.050582 1.38496e-07 0.0252815)
(0.0252807 1.25891e-07 -1.21455e-06)
(1.60732e-06 0.0259406 -1.57066e-06)
(3.09701e-06 1.07325e-07 0.0252768)
(0.075903 2.05358e-07 -8.62799e-08)
(0.0505597 0.0259 -1.30383e-06)
(0.0505869 1.47776e-07 0.0252812)
(0.126541 2.79437e-07 2.67223e-06)
(0.101219 0.0257155 -5.90373e-08)
(0.101215 2.30674e-07 0.0252778)
(-0.12656 0.0512969 -2.59666e-06)
(-0.0758264 0.0516213 -2.70164e-06)
(-0.10113 0.0772444 -7.65745e-06)
(-0.101184 0.0514662 0.0252775)
(-0.0252458 0.051727 -2.14896e-06)
(-0.0504474 0.0773576 -3.53294e-06)
(-0.0505216 0.0516822 0.0252534)
(0.0252481 0.051727 -2.20833e-06)
(7.69768e-07 0.0773834 -2.44542e-06)
(2.344e-06 0.051727 0.0252445)
(0.075828 0.0516213 -2.82503e-06)
(0.0504488 0.0773576 -3.59885e-06)
(0.0505253 0.0516822 0.0252533)
(0.126561 0.051297 -2.68932e-06)
(0.10113 0.0772444 -7.73642e-06)
(0.101186 0.0514663 0.0252774)
(-0.101167 -0.0772086 0.0505636)
(-0.0504859 -0.0773301 0.0504798)
(3.28029e-06 -0.0773574 0.0504451)
(0.0504909 -0.0773301 0.0504795)
(0.101169 -0.0772086 0.0505633)
(-0.126495 -0.0512311 0.0505768)
(-0.0758409 -0.0515585 0.0505371)
(-0.101183 -0.0256685 0.0505419)
(-0.101137 -0.0513171 0.0757776)
(-0.0252557 -0.051682 0.0505166)
(-0.0505633 -0.025848 0.0505552)
(-0.0505454 -0.0515588 0.0758269)
(0.0252636 -0.051682 0.0505164)
(4.85319e-06 -0.0258998 0.0505555)
(6.91956e-06 -0.0516211 0.0758233)
(0.0758454 -0.0515586 0.0505367)
(0.0505707 -0.025848 0.0505548)
(0.0505556 -0.0515589 0.0758262)
(0.126497 -0.0512312 0.0505765)
(0.101186 -0.0256685 0.0505415)
(0.101141 -0.0513171 0.0757771)
(-0.126458 1.3367e-07 0.0505518)
(-0.0758847 1.23465e-07 0.0505563)
(-0.101183 0.0256689 0.0505418)
(-0.101111 7.78206e-08 0.0757462)
(-0.0252827 9.00109e-08 0.0505765)
(-0.0505633 0.0258483 0.0505552)
(-0.0505638 5.71534e-08 0.0758684)
(0.0252923 9.48702e-08 0.0505762)
(4.77157e-06 0.0259 0.0505554)
(8.1571e-06 5.83396e-08 0.0758983)
(0.0758901 1.97151e-07 0.0505558)
(0.0505707 0.0258483 0.0505548)
(0.0505759 6.61323e-08 0.0758675)
(0.126459 1.40276e-07 0.0505516)
(0.101186 0.0256689 0.0505415)
(0.101115 8.57834e-08 0.0757455)
(-0.126495 0.0512319 0.0505767)
(-0.0758408 0.0515588 0.050537)
(-0.101167 0.077209 0.0505634)
(-0.101137 0.0513174 0.0757775)
(-0.0252558 0.0516821 0.0505166)
(-0.0504859 0.0773302 0.0504797)
(-0.0505454 0.051559 0.0758269)
(0.0252634 0.0516821 0.0505163)
(3.15693e-06 0.0773575 0.0504451)
(6.86275e-06 0.0516212 0.0758233)
(0.0758453 0.0515589 0.0505367)
(0.0504907 0.0773303 0.0504795)
(0.0505555 0.051559 0.0758262)
(0.126496 0.0512319 0.0505766)
(0.101169 0.0772091 0.0505633)
(0.101141 0.0513174 0.075777)
(-0.050572 -0.0772096 0.101148)
(9.79383e-06 -0.077244 0.101124)
(0.0505851 -0.0772097 0.101147)
(-0.0757951 -0.0513176 0.101118)
(-0.0252766 -0.051466 0.10117)
(-0.0505491 -0.0256688 0.101158)
(-0.0505807 -0.0512326 0.126454)
(0.0252973 -0.0514661 0.101169)
(1.23146e-05 -0.0257152 0.101215)
(1.77752e-05 -0.0512962 0.126558)
(0.0758049 -0.0513177 0.101116)
(0.0505662 -0.0256688 0.101157)
(0.0506031 -0.0512327 0.126451)
(-0.0757655 4.41824e-08 0.101088)
(-0.0252735 2.94683e-08 0.101197)
(-0.0505491 0.0256689 0.101158)
(-0.0505526 5.63204e-09 0.126415)
(0.0252965 3.06675e-08 0.101196)
(1.22962e-05 0.0257153 0.101215)
(1.84857e-05 2.07422e-08 0.12654)
(0.0757765 4.77292e-08 0.101086)
(0.0505661 0.0256689 0.101157)
(0.0505764 2.20661e-09 0.126412)
(-0.0757951 0.0513177 0.101118)
(-0.0252766 0.0514661 0.10117)
(-0.050572 0.0772096 0.101148)
(-0.0505807 0.0512329 0.126454)
(0.0252972 0.0514661 0.101169)
(9.775e-06 0.077244 0.101124)
(1.77679e-05 0.0512963 0.126558)
(0.0758049 0.0513178 0.101116)
(0.050585 0.0772097 0.101147)
(0.0506031 0.0512328 0.126451)
(-0.0505942 -0.0770543 -0.126537)
(-0.0757552 -0.0511382 -0.126466)
(-0.0758007 -0.0771448 -0.101158)
(5.41477e-06 -0.0771075 -0.126587)
(-0.0252712 -0.0512823 -0.126502)
(-0.0252658 -0.0772367 -0.101133)
(0.0505998 -0.0770543 -0.126537)
(0.0252766 -0.0512824 -0.126502)
(0.0252717 -0.0772368 -0.101133)
(0.0757569 -0.0511382 -0.126465)
(0.075803 -0.0771449 -0.101158)
(-0.0505367 -0.0255639 -0.126418)
(-0.0757248 2.36971e-09 -0.126412)
(-0.0757257 -0.0256147 -0.10107)
(1.33825e-06 -0.0256065 -0.126543)
(-0.0252635 2.87211e-08 -0.126472)
(-0.0252686 -0.0257036 -0.101192)
(0.0505384 -0.0255639 -0.126417)
(0.0252637 3.16132e-08 -0.126472)
(0.0252707 -0.0257036 -0.101191)
(0.0757249 1.02005e-08 -0.126412)
(0.0757266 -0.0256147 -0.10107)
(-0.0505383 0.025564 -0.126417)
(-0.0757569 0.0511384 -0.126465)
(-0.0757264 0.0256148 -0.10107)
(-1.35983e-06 0.0256067 -0.126543)
(-0.0252764 0.0512825 -0.126502)
(-0.0252703 0.0257037 -0.101191)
(0.0505369 0.025564 -0.126418)
(0.0252714 0.0512825 -0.126502)
(0.0252689 0.0257037 -0.101192)
(0.0757553 0.0511385 -0.126466)
(0.0757259 0.0256149 -0.10107)
(-0.0505996 0.077054 -0.126537)
(-0.0758028 0.0771449 -0.101158)
(-5.48526e-06 0.0771073 -0.126586)
(-0.0252715 0.0772368 -0.101133)
(0.0505941 0.077054 -0.126537)
(0.0252659 0.0772368 -0.101133)
(0.0758007 0.0771448 -0.101158)
(-0.101141 -0.077147 -0.075833)
(-0.126451 -0.0511401 -0.0757809)
(-0.126515 -0.0770539 -0.0506297)
(-0.050506 -0.0772868 -0.0757902)
(-0.0757999 -0.051456 -0.0758188)
(-0.0757765 -0.0772868 -0.050525)
(2.03504e-06 -0.077317 -0.0757516)
(-0.0252578 -0.0516067 -0.0758264)
(-0.0252224 -0.0773509 -0.0504595)
(0.0505088 -0.0772868 -0.0757902)
(0.0252608 -0.0516067 -0.0758264)
(0.0252248 -0.0773509 -0.0504595)
(0.101142 -0.077147 -0.0758331)
(0.0758014 -0.051456 -0.0758188)
(0.0757778 -0.0772868 -0.050525)
(0.126451 -0.0511401 -0.075781)
(0.126515 -0.0770539 -0.0506299)
(-0.101064 -0.0256145 -0.0757415)
(-0.126403 7.9722e-08 -0.0757384)
(-0.126399 -0.0255641 -0.050548)
(-0.0505381 -0.0257581 -0.0758565)
(-0.0757979 8.25971e-08 -0.0758137)
(-0.075846 -0.0257584 -0.0505484)
(8.86401e-07 -0.0258205 -0.0758786)
(-0.0252747 5.89062e-08 -0.0758881)
(-0.0252675 -0.0258885 -0.0505569)
(0.0505396 -0.0257581 -0.0758565)
(0.0252754 6.83493e-08 -0.0758881)
(0.0252695 -0.0258885 -0.050557)
(0.101064 -0.0256145 -0.0757415)
(0.0757984 8.236e-08 -0.0758137)
(0.0758472 -0.0257584 -0.0505484)
(0.126403 7.41984e-08 -0.0757385)
(0.126399 -0.0255642 -0.050548)
(-0.101064 0.0256147 -0.0757415)
(-0.126451 0.0511404 -0.0757809)
(-0.126399 0.0255646 -0.050548)
(-0.050539 0.0257583 -0.0758565)
(-0.0758009 0.0514562 -0.0758187)
(-0.0758464 0.0257587 -0.0505484)
(-4.8182e-07 0.0258206 -0.0758786)
(-0.0252602 0.0516068 -0.0758264)
(-0.0252683 0.0258887 -0.0505569)
(0.0505386 0.0257583 -0.0758565)
(0.0252583 0.0516068 -0.0758264)
(0.0252687 0.0258887 -0.050557)
(0.101064 0.0256148 -0.0757416)
(0.0758002 0.0514563 -0.0758188)
(0.0758467 0.0257587 -0.0505484)
(0.126451 0.0511407 -0.075781)
(0.126399 0.0255646 -0.0505481)
(-0.101142 0.0771472 -0.075833)
(-0.126515 0.0770545 -0.0506298)
(-0.0505084 0.0772869 -0.0757901)
(-0.0757771 0.0772871 -0.050525)
(-1.67505e-06 0.0773171 -0.0757515)
(-0.0252241 0.077351 -0.0504595)
(0.0505063 0.0772869 -0.0757902)
(0.0252229 0.077351 -0.0504595)
(0.101141 0.0771471 -0.075833)
(0.0757767 0.0772871 -0.050525)
(0.126515 0.0770545 -0.0506298)
(-0.101124 -0.0772364 -0.0252869)
(-0.126489 -0.0512821 -0.0252854)
(-0.126585 -0.0771062 -1.0044e-05)
(-0.0504528 -0.0773509 -0.0252311)
(-0.0758195 -0.0516067 -0.025268)
(-0.0757489 -0.077317 -5.06895e-06)
(1.09687e-06 -0.0773772 -0.0252106)
(-0.0252459 -0.0517166 -0.0252509)
(-0.0252069 -0.0773773 -2.66224e-06)
(0.0504545 -0.0773509 -0.0252311)
(0.0252484 -0.0517166 -0.0252509)
(0.0252094 -0.0773773 -2.71815e-06)
(0.101125 -0.0772364 -0.0252871)
(0.0758211 -0.0516067 -0.0252682)
(0.0757505 -0.077317 -5.23407e-06)
(0.12649 -0.0512822 -0.0252856)
(0.126585 -0.0771062 -1.03676e-05)
(-0.101184 -0.0257035 -0.0252763)
(-0.126461 2.36736e-07 -0.025267)
(-0.126545 -0.0256063 1.64218e-06)
(-0.050552 -0.0258885 -0.0252731)
(-0.075883 1.70844e-07 -0.02528)
(-0.0758796 -0.0258205 -6.36602e-07)
(1.28496e-06 -0.0259317 -0.0252705)
(-0.025276 1.16013e-07 -0.0252795)
(-0.025268 -0.0259317 -1.44057e-06)
(0.0505541 -0.0258885 -0.0252732)
(0.0252781 1.1771e-07 -0.0252796)
(0.0252716 -0.0259317 -1.52367e-06)
(0.101185 -0.0257035 -0.0252764)
(0.0758843 1.78505e-07 -0.0252801)
(0.0758819 -0.0258205 -8.29611e-07)
(0.126461 2.50137e-07 -0.0252671)
(0.126546 -0.0256064 1.42608e-06)
(-0.101184 0.0257041 -0.0252763)
(-0.126489 0.0512834 -0.0252856)
(-0.126545 0.0256071 1.56794e-06)
(-0.0505523 0.0258888 -0.0252732)
(-0.0758198 0.0516071 -0.0252681)
(-0.0758796 0.0258209 -6.49612e-07)
(7.75499e-07 0.0259319 -0.0252705)
(-0.0252467 0.0517168 -0.0252509)
(-0.0252683 0.0259319 -1.4534e-06)
(0.0505536 0.0258888 -0.0252732)
(0.0252475 0.0517168 -0.0252509)
(0.0252714 0.0259319 -1.53023e-06)
(0.101185 0.0257041 -0.0252764)
(0.0758205 0.0516071 -0.0252682)
(0.0758816 0.025821 -8.57989e-07)
(0.126489 0.0512834 -0.0252856)
(0.126546 0.0256072 1.41563e-06)
(-0.101124 0.0772372 -0.025287)
(-0.126584 0.0771078 -1.03236e-05)
(-0.0504533 0.0773512 -0.0252311)
(-0.0757488 0.0773175 -5.16524e-06)
(6.6512e-08 0.0773774 -0.0252106)
(-0.0252074 0.0773774 -2.68857e-06)
(0.0504536 0.0773512 -0.0252311)
(0.0252088 0.0773774 -2.72724e-06)
(0.101124 0.0772373 -0.025287)
(0.0757498 0.0773175 -5.24211e-06)
(0.126584 0.0771078 -1.0448e-05)
(-0.101139 -0.0772367 0.0252738)
(-0.126517 -0.0512822 0.0252829)
(-0.126567 -0.0770552 0.0506233)
(-0.0504584 -0.0773511 0.0252244)
(-0.0758323 -0.0516069 0.0252638)
(-0.075796 -0.0772874 0.0505184)
(1.95741e-06 -0.0773773 0.0252056)
(-0.0252487 -0.0517167 0.0252468)
(-0.0252273 -0.0773511 0.0504539)
(0.0504615 -0.0773511 0.0252242)
(0.0252536 -0.0517167 0.0252467)
(0.0252334 -0.0773511 0.0504538)
(0.10114 -0.0772367 0.0252735)
(0.0758353 -0.0516069 0.0252635)
(0.0757995 -0.0772874 0.0505181)
(0.126518 -0.0512823 0.0252827)
(0.126568 -0.0770552 0.050623)
(-0.101207 -0.0257036 0.025278)
(-0.126491 2.3313e-07 0.0252739)
(-0.126466 -0.0255641 0.050557)
(-0.0505605 -0.0258885 0.0252715)
(-0.0758988 1.68879e-07 0.0252815)
(-0.0758754 -0.0257582 0.0505522)
(2.9987e-06 -0.0259317 0.0252676)
(-0.025279 1.14816e-07 0.0252776)
(-0.0252731 -0.0258886 0.0505553)
(0.0505652 -0.0258885 0.0252713)
(0.0252849 1.17768e-07 0.0252775)
(0.0252822 -0.0258886 0.050555)
(0.101209 -0.0257036 0.0252778)
(0.0759024 1.89543e-07 0.0252812)
(0.0758807 -0.0257583 0.0505517)
(0.126492 2.4597e-07 0.0252737)
(0.126467 -0.0255642 0.0505568)
(-0.101207 0.0257041 0.0252779)
(-0.126517 0.0512834 0.0252828)
(-0.126466 0.0255646 0.050557)
(-0.0505605 0.0258888 0.0252715)
(-0.0758322 0.0516073 0.0252637)
(-0.0758754 0.0257585 0.0505521)
(2.84328e-06 0.0259319 0.0252676)
(-0.0252489 0.0517169 0.0252468)
(-0.0252731 0.0258888 0.0505553)
(0.0505651 0.0258888 0.0252713)
(0.0252533 0.0517169 0.0252467)
(0.0252821 0.0258888 0.050555)
(0.101209 0.0257042 0.0252778)
(0.075835 0.0516073 0.0252635)
(0.0758806 0.0257586 0.0505517)
(0.126518 0.0512835 0.0252827)
(0.126467 0.0255646 0.0505569)
(-0.101138 0.0772374 0.0252736)
(-0.126567 0.0770557 0.0506231)
(-0.0504584 0.0773513 0.0252243)
(-0.0757958 0.0772877 0.0505183)
(1.69503e-06 0.0773774 0.0252056)
(-0.0252273 0.0773513 0.0504539)
(0.0504611 0.0773513 0.0252242)
(0.0252332 0.0773513 0.0504537)
(0.101139 0.0772375 0.0252735)
(0.0757992 0.0772877 0.050518)
(0.126567 0.0770558 0.050623)
(-0.101181 -0.0771464 0.075833)
(-0.126529 -0.0511394 0.0757884)
(-0.0505256 -0.0772877 0.0757852)
(-0.0758393 -0.0514571 0.075821)
(-0.0758473 -0.0771495 0.101167)
(5.66721e-06 -0.0773173 0.0757451)
(-0.0252653 -0.0516071 0.0758233)
(-0.0252767 -0.0772372 0.101125)
(0.0505337 -0.0772877 0.0757847)
(0.0252781 -0.0516071 0.0758228)
(0.0252943 -0.0772373 0.101124)
(0.101184 -0.0771464 0.0758326)
(0.0758462 -0.0514571 0.0758203)
(0.0758554 -0.0771496 0.101166)
(0.126531 -0.0511394 0.0757881)
(-0.101116 -0.0256152 0.0757529)
(-0.126486 6.09424e-08 0.0757501)
(-0.0505598 -0.0257586 0.0758598)
(-0.0758424 7.41773e-08 0.0758196)
(-0.0757719 -0.0256153 0.101094)
(7.86549e-06 -0.0258208 0.075877)
(-0.0252808 5.21686e-08 0.0758887)
(-0.0252744 -0.0257039 0.101192)
(0.0505714 -0.0257586 0.0758589)
(0.0252961 5.5408e-08 0.0758881)
(0.0252969 -0.025704 0.10119)
(0.101121 -0.0256152 0.0757523)
(0.0758504 9.16672e-08 0.0758187)
(0.0757826 -0.0256153 0.101093)
(0.126488 6.40575e-08 0.0757498)
(-0.101116 0.0256154 0.0757529)
(-0.126529 0.0511398 0.0757884)
(-0.0505598 0.0257588 0.0758597)
(-0.0758393 0.0514573 0.075821)
(-0.0757719 0.0256154 0.101094)
(7.80369e-06 0.0258209 0.075877)
(-0.0252653 0.0516072 0.0758232)
(-0.0252744 0.0257041 0.101192)
(0.0505713 0.0257588 0.0758588)
(0.025278 0.0516073 0.0758228)
(0.0252969 0.0257041 0.10119)
(0.101121 0.0256155 0.0757523)
(0.0758461 0.0514573 0.0758203)
(0.0757826 0.0256155 0.101093)
(0.126531 0.0511399 0.0757882)
(-0.101181 0.0771466 0.0758329)
(-0.0505256 0.0772878 0.0757851)
(-0.0758473 0.0771495 0.101167)
(5.61386e-06 0.0773173 0.075745)
(-0.0252767 0.0772373 0.101125)
(0.0505336 0.0772878 0.0757846)
(0.0252943 0.0772373 0.101124)
(0.101184 0.0771466 0.0758325)
(0.0758553 0.0771496 0.101166)
(-0.0506317 -0.0770568 0.126529)
(-0.0758082 -0.051143 0.126489)
(1.67488e-05 -0.0771069 0.126579)
(-0.025276 -0.051283 0.126495)
(0.0506518 -0.0770569 0.126527)
(0.0253078 -0.0512831 0.126493)
(0.0758208 -0.051143 0.126487)
(-0.0505586 -0.025565 0.126423)
(-0.075769 2.21611e-08 0.126443)
(1.8354e-05 -0.0256068 0.126544)
(-0.0252619 1.55417e-08 0.12647)
(0.0505821 -0.0255651 0.12642)
(0.0252953 1.42151e-08 0.126468)
(0.0757826 2.04866e-08 0.126441)
(-0.0505586 0.0255651 0.126423)
(-0.0758082 0.0511431 0.126489)
(1.83477e-05 0.0256069 0.126544)
(-0.025276 0.0512831 0.126495)
(0.0505821 0.0255651 0.12642)
(0.0253078 0.0512832 0.126493)
(0.0758208 0.0511431 0.126487)
(-0.0506316 0.0770567 0.126529)
(1.67526e-05 0.0771068 0.126579)
(0.0506518 0.0770569 0.126527)
)


// ************************************************************************* //
