/*--------------------------------*- C++ -*----------------------------------*\
| =========                 |                                                 |
| \\      /  F ield         | OpenFOAM: The Open Source CFD Toolbox           |
|  \\    /   O peration     | Version:  2506                                  |
|   \\  /    A nd           | Website:  www.openfoam.com                      |
|    \\/     M anipulation  |                                                 |
\*---------------------------------------------------------------------------*/
FoamFile
{
    version     2.0;
    format      ascii;
    arch        "LSB;label=32;scalar=64";
    class       faceList;
    location    "constant/polyMesh";
    object      faces;
}
// * * * * * * * * * * * * * * * * * * * * * * * * * * * * * * * * * * * * * //


4356
(
4(1 13 157 145)
4(12 156 157 13)
4(144 145 157 156)
4(2 14 158 146)
4(13 157 158 14)
4(145 146 158 157)
4(3 15 159 147)
4(14 158 159 15)
4(146 147 159 158)
4(4 16 160 148)
4(15 159 160 16)
4(147 148 160 159)
4(5 17 161 149)
4(16 160 161 17)
4(148 149 161 160)
4(6 18 162 150)
4(17 161 162 18)
4(149 150 162 161)
4(7 19 163 151)
4(18 162 163 19)
4(150 151 163 162)
4(8 20 164 152)
4(19 163 164 20)
4(151 152 164 163)
4(9 21 165 153)
4(20 164 165 21)
4(152 153 165 164)
4(10 22 166 154)
4(21 165 166 22)
4(153 154 166 165)
4(22 166 167 23)
4(154 155 167 166)
4(13 25 169 157)
4(24 168 169 25)
4(156 157 169 168)
4(14 26 170 158)
4(25 169 170 26)
4(157 158 170 169)
4(15 27 171 159)
4(26 170 171 27)
4(158 159 171 170)
4(16 28 172 160)
4(27 171 172 28)
4(159 160 172 171)
4(17 29 173 161)
4(28 172 173 29)
4(160 161 173 172)
4(18 30 174 162)
4(29 173 174 30)
4(161 162 174 173)
4(19 31 175 163)
4(30 174 175 31)
4(162 163 175 174)
4(20 32 176 164)
4(31 175 176 32)
4(163 164 176 175)
4(21 33 177 165)
4(32 176 177 33)
4(164 165 177 176)
4(22 34 178 166)
4(33 177 178 34)
4(165 166 178 177)
4(34 178 179 35)
4(166 167 179 178)
4(25 37 181 169)
4(36 180 181 37)
4(168 169 181 180)
4(26 38 182 170)
4(37 181 182 38)
4(169 170 182 181)
4(27 39 183 171)
4(38 182 183 39)
4(170 171 183 182)
4(28 40 184 172)
4(39 183 184 40)
4(171 172 184 183)
4(29 41 185 173)
4(40 184 185 41)
4(172 173 185 184)
4(30 42 186 174)
4(41 185 186 42)
4(173 174 186 185)
4(31 43 187 175)
4(42 186 187 43)
4(174 175 187 186)
4(32 44 188 176)
4(43 187 188 44)
4(175 176 188 187)
4(33 45 189 177)
4(44 188 189 45)
4(176 177 189 188)
4(34 46 190 178)
4(45 189 190 46)
4(177 178 190 189)
4(46 190 191 47)
4(178 179 191 190)
4(37 49 193 181)
4(48 192 193 49)
4(180 181 193 192)
4(38 50 194 182)
4(49 193 194 50)
4(181 182 194 193)
4(39 51 195 183)
4(50 194 195 51)
4(182 183 195 194)
4(40 52 196 184)
4(51 195 196 52)
4(183 184 196 195)
4(41 53 197 185)
4(52 196 197 53)
4(184 185 197 196)
4(42 54 198 186)
4(53 197 198 54)
4(185 186 198 197)
4(43 55 199 187)
4(54 198 199 55)
4(186 187 199 198)
4(44 56 200 188)
4(55 199 200 56)
4(187 188 200 199)
4(45 57 201 189)
4(56 200 201 57)
4(188 189 201 200)
4(46 58 202 190)
4(57 201 202 58)
4(189 190 202 201)
4(58 202 203 59)
4(190 191 203 202)
4(49 61 205 193)
4(60 204 205 61)
4(192 193 205 204)
4(50 62 206 194)
4(61 205 206 62)
4(193 194 206 205)
4(51 63 207 195)
4(62 206 207 63)
4(194 195 207 206)
4(52 64 208 196)
4(63 207 208 64)
4(195 196 208 207)
4(53 65 209 197)
4(64 208 209 65)
4(196 197 209 208)
4(54 66 210 198)
4(65 209 210 66)
4(197 198 210 209)
4(55 67 211 199)
4(66 210 211 67)
4(198 199 211 210)
4(56 68 212 200)
4(67 211 212 68)
4(199 200 212 211)
4(57 69 213 201)
4(68 212 213 69)
4(200 201 213 212)
4(58 70 214 202)
4(69 213 214 70)
4(201 202 214 213)
4(70 214 215 71)
4(202 203 215 214)
4(61 73 217 205)
4(72 216 217 73)
4(204 205 217 216)
4(62 74 218 206)
4(73 217 218 74)
4(205 206 218 217)
4(63 75 219 207)
4(74 218 219 75)
4(206 207 219 218)
4(64 76 220 208)
4(75 219 220 76)
4(207 208 220 219)
4(65 77 221 209)
4(76 220 221 77)
4(208 209 221 220)
4(66 78 222 210)
4(77 221 222 78)
4(209 210 222 221)
4(67 79 223 211)
4(78 222 223 79)
4(210 211 223 222)
4(68 80 224 212)
4(79 223 224 80)
4(211 212 224 223)
4(69 81 225 213)
4(80 224 225 81)
4(212 213 225 224)
4(70 82 226 214)
4(81 225 226 82)
4(213 214 226 225)
4(82 226 227 83)
4(214 215 227 226)
4(73 85 229 217)
4(84 228 229 85)
4(216 217 229 228)
4(74 86 230 218)
4(85 229 230 86)
4(217 218 230 229)
4(75 87 231 219)
4(86 230 231 87)
4(218 219 231 230)
4(76 88 232 220)
4(87 231 232 88)
4(219 220 232 231)
4(77 89 233 221)
4(88 232 233 89)
4(220 221 233 232)
4(78 90 234 222)
4(89 233 234 90)
4(221 222 234 233)
4(79 91 235 223)
4(90 234 235 91)
4(222 223 235 234)
4(80 92 236 224)
4(91 235 236 92)
4(223 224 236 235)
4(81 93 237 225)
4(92 236 237 93)
4(224 225 237 236)
4(82 94 238 226)
4(93 237 238 94)
4(225 226 238 237)
4(94 238 239 95)
4(226 227 239 238)
4(85 97 241 229)
4(96 240 241 97)
4(228 229 241 240)
4(86 98 242 230)
4(97 241 242 98)
4(229 230 242 241)
4(87 99 243 231)
4(98 242 243 99)
4(230 231 243 242)
4(88 100 244 232)
4(99 243 244 100)
4(231 232 244 243)
4(89 101 245 233)
4(100 244 245 101)
4(232 233 245 244)
4(90 102 246 234)
4(101 245 246 102)
4(233 234 246 245)
4(91 103 247 235)
4(102 246 247 103)
4(234 235 247 246)
4(92 104 248 236)
4(103 247 248 104)
4(235 236 248 247)
4(93 105 249 237)
4(104 248 249 105)
4(236 237 249 248)
4(94 106 250 238)
4(105 249 250 106)
4(237 238 250 249)
4(106 250 251 107)
4(238 239 251 250)
4(97 109 253 241)
4(108 252 253 109)
4(240 241 253 252)
4(98 110 254 242)
4(109 253 254 110)
4(241 242 254 253)
4(99 111 255 243)
4(110 254 255 111)
4(242 243 255 254)
4(100 112 256 244)
4(111 255 256 112)
4(243 244 256 255)
4(101 113 257 245)
4(112 256 257 113)
4(244 245 257 256)
4(102 114 258 246)
4(113 257 258 114)
4(245 246 258 257)
4(103 115 259 247)
4(114 258 259 115)
4(246 247 259 258)
4(104 116 260 248)
4(115 259 260 116)
4(247 248 260 259)
4(105 117 261 249)
4(116 260 261 117)
4(248 249 261 260)
4(106 118 262 250)
4(117 261 262 118)
4(249 250 262 261)
4(118 262 263 119)
4(250 251 263 262)
4(109 121 265 253)
4(120 264 265 121)
4(252 253 265 264)
4(110 122 266 254)
4(121 265 266 122)
4(253 254 266 265)
4(111 123 267 255)
4(122 266 267 123)
4(254 255 267 266)
4(112 124 268 256)
4(123 267 268 124)
4(255 256 268 267)
4(113 125 269 257)
4(124 268 269 125)
4(256 257 269 268)
4(114 126 270 258)
4(125 269 270 126)
4(257 258 270 269)
4(115 127 271 259)
4(126 270 271 127)
4(258 259 271 270)
4(116 128 272 260)
4(127 271 272 128)
4(259 260 272 271)
4(117 129 273 261)
4(128 272 273 129)
4(260 261 273 272)
4(118 130 274 262)
4(129 273 274 130)
4(261 262 274 273)
4(130 274 275 131)
4(262 263 275 274)
4(121 133 277 265)
4(264 265 277 276)
4(122 134 278 266)
4(265 266 278 277)
4(123 135 279 267)
4(266 267 279 278)
4(124 136 280 268)
4(267 268 280 279)
4(125 137 281 269)
4(268 269 281 280)
4(126 138 282 270)
4(269 270 282 281)
4(127 139 283 271)
4(270 271 283 282)
4(128 140 284 272)
4(271 272 284 283)
4(129 141 285 273)
4(272 273 285 284)
4(130 142 286 274)
4(273 274 286 285)
4(274 275 287 286)
4(145 157 301 289)
4(156 300 301 157)
4(288 289 301 300)
4(146 158 302 290)
4(157 301 302 158)
4(289 290 302 301)
4(147 159 303 291)
4(158 302 303 159)
4(290 291 303 302)
4(148 160 304 292)
4(159 303 304 160)
4(291 292 304 303)
4(149 161 305 293)
4(160 304 305 161)
4(292 293 305 304)
4(150 162 306 294)
4(161 305 306 162)
4(293 294 306 305)
4(151 163 307 295)
4(162 306 307 163)
4(294 295 307 306)
4(152 164 308 296)
4(163 307 308 164)
4(295 296 308 307)
4(153 165 309 297)
4(164 308 309 165)
4(296 297 309 308)
4(154 166 310 298)
4(165 309 310 166)
4(297 298 310 309)
4(166 310 311 167)
4(298 299 311 310)
4(157 169 313 301)
4(168 312 313 169)
4(300 301 313 312)
4(158 170 314 302)
4(169 313 314 170)
4(301 302 314 313)
4(159 171 315 303)
4(170 314 315 171)
4(302 303 315 314)
4(160 172 316 304)
4(171 315 316 172)
4(303 304 316 315)
4(161 173 317 305)
4(172 316 317 173)
4(304 305 317 316)
4(162 174 318 306)
4(173 317 318 174)
4(305 306 318 317)
4(163 175 319 307)
4(174 318 319 175)
4(306 307 319 318)
4(164 176 320 308)
4(175 319 320 176)
4(307 308 320 319)
4(165 177 321 309)
4(176 320 321 177)
4(308 309 321 320)
4(166 178 322 310)
4(177 321 322 178)
4(309 310 322 321)
4(178 322 323 179)
4(310 311 323 322)
4(169 181 325 313)
4(180 324 325 181)
4(312 313 325 324)
4(170 182 326 314)
4(181 325 326 182)
4(313 314 326 325)
4(171 183 327 315)
4(182 326 327 183)
4(314 315 327 326)
4(172 184 328 316)
4(183 327 328 184)
4(315 316 328 327)
4(173 185 329 317)
4(184 328 329 185)
4(316 317 329 328)
4(174 186 330 318)
4(185 329 330 186)
4(317 318 330 329)
4(175 187 331 319)
4(186 330 331 187)
4(318 319 331 330)
4(176 188 332 320)
4(187 331 332 188)
4(319 320 332 331)
4(177 189 333 321)
4(188 332 333 189)
4(320 321 333 332)
4(178 190 334 322)
4(189 333 334 190)
4(321 322 334 333)
4(190 334 335 191)
4(322 323 335 334)
4(181 193 337 325)
4(192 336 337 193)
4(324 325 337 336)
4(182 194 338 326)
4(193 337 338 194)
4(325 326 338 337)
4(183 195 339 327)
4(194 338 339 195)
4(326 327 339 338)
4(184 196 340 328)
4(195 339 340 196)
4(327 328 340 339)
4(185 197 341 329)
4(196 340 341 197)
4(328 329 341 340)
4(186 198 342 330)
4(197 341 342 198)
4(329 330 342 341)
4(187 199 343 331)
4(198 342 343 199)
4(330 331 343 342)
4(188 200 344 332)
4(199 343 344 200)
4(331 332 344 343)
4(189 201 345 333)
4(200 344 345 201)
4(332 333 345 344)
4(190 202 346 334)
4(201 345 346 202)
4(333 334 346 345)
4(202 346 347 203)
4(334 335 347 346)
4(193 205 349 337)
4(204 348 349 205)
4(336 337 349 348)
4(194 206 350 338)
4(205 349 350 206)
4(337 338 350 349)
4(195 207 351 339)
4(206 350 351 207)
4(338 339 351 350)
4(196 208 352 340)
4(207 351 352 208)
4(339 340 352 351)
4(197 209 353 341)
4(208 352 353 209)
4(340 341 353 352)
4(198 210 354 342)
4(209 353 354 210)
4(341 342 354 353)
4(199 211 355 343)
4(210 354 355 211)
4(342 343 355 354)
4(200 212 356 344)
4(211 355 356 212)
4(343 344 356 355)
4(201 213 357 345)
4(212 356 357 213)
4(344 345 357 356)
4(202 214 358 346)
4(213 357 358 214)
4(345 346 358 357)
4(214 358 359 215)
4(346 347 359 358)
4(205 217 361 349)
4(216 360 361 217)
4(348 349 361 360)
4(206 218 362 350)
4(217 361 362 218)
4(349 350 362 361)
4(207 219 363 351)
4(218 362 363 219)
4(350 351 363 362)
4(208 220 364 352)
4(219 363 364 220)
4(351 352 364 363)
4(209 221 365 353)
4(220 364 365 221)
4(352 353 365 364)
4(210 222 366 354)
4(221 365 366 222)
4(353 354 366 365)
4(211 223 367 355)
4(222 366 367 223)
4(354 355 367 366)
4(212 224 368 356)
4(223 367 368 224)
4(355 356 368 367)
4(213 225 369 357)
4(224 368 369 225)
4(356 357 369 368)
4(214 226 370 358)
4(225 369 370 226)
4(357 358 370 369)
4(226 370 371 227)
4(358 359 371 370)
4(217 229 373 361)
4(228 372 373 229)
4(360 361 373 372)
4(218 230 374 362)
4(229 373 374 230)
4(361 362 374 373)
4(219 231 375 363)
4(230 374 375 231)
4(362 363 375 374)
4(220 232 376 364)
4(231 375 376 232)
4(363 364 376 375)
4(221 233 377 365)
4(232 376 377 233)
4(364 365 377 376)
4(222 234 378 366)
4(233 377 378 234)
4(365 366 378 377)
4(223 235 379 367)
4(234 378 379 235)
4(366 367 379 378)
4(224 236 380 368)
4(235 379 380 236)
4(367 368 380 379)
4(225 237 381 369)
4(236 380 381 237)
4(368 369 381 380)
4(226 238 382 370)
4(237 381 382 238)
4(369 370 382 381)
4(238 382 383 239)
4(370 371 383 382)
4(229 241 385 373)
4(240 384 385 241)
4(372 373 385 384)
4(230 242 386 374)
4(241 385 386 242)
4(373 374 386 385)
4(231 243 387 375)
4(242 386 387 243)
4(374 375 387 386)
4(232 244 388 376)
4(243 387 388 244)
4(375 376 388 387)
4(233 245 389 377)
4(244 388 389 245)
4(376 377 389 388)
4(234 246 390 378)
4(245 389 390 246)
4(377 378 390 389)
4(235 247 391 379)
4(246 390 391 247)
4(378 379 391 390)
4(236 248 392 380)
4(247 391 392 248)
4(379 380 392 391)
4(237 249 393 381)
4(248 392 393 249)
4(380 381 393 392)
4(238 250 394 382)
4(249 393 394 250)
4(381 382 394 393)
4(250 394 395 251)
4(382 383 395 394)
4(241 253 397 385)
4(252 396 397 253)
4(384 385 397 396)
4(242 254 398 386)
4(253 397 398 254)
4(385 386 398 397)
4(243 255 399 387)
4(254 398 399 255)
4(386 387 399 398)
4(244 256 400 388)
4(255 399 400 256)
4(387 388 400 399)
4(245 257 401 389)
4(256 400 401 257)
4(388 389 401 400)
4(246 258 402 390)
4(257 401 402 258)
4(389 390 402 401)
4(247 259 403 391)
4(258 402 403 259)
4(390 391 403 402)
4(248 260 404 392)
4(259 403 404 260)
4(391 392 404 403)
4(249 261 405 393)
4(260 404 405 261)
4(392 393 405 404)
4(250 262 406 394)
4(261 405 406 262)
4(393 394 406 405)
4(262 406 407 263)
4(394 395 407 406)
4(253 265 409 397)
4(264 408 409 265)
4(396 397 409 408)
4(254 266 410 398)
4(265 409 410 266)
4(397 398 410 409)
4(255 267 411 399)
4(266 410 411 267)
4(398 399 411 410)
4(256 268 412 400)
4(267 411 412 268)
4(399 400 412 411)
4(257 269 413 401)
4(268 412 413 269)
4(400 401 413 412)
4(258 270 414 402)
4(269 413 414 270)
4(401 402 414 413)
4(259 271 415 403)
4(270 414 415 271)
4(402 403 415 414)
4(260 272 416 404)
4(271 415 416 272)
4(403 404 416 415)
4(261 273 417 405)
4(272 416 417 273)
4(404 405 417 416)
4(262 274 418 406)
4(273 417 418 274)
4(405 406 418 417)
4(274 418 419 275)
4(406 407 419 418)
4(265 277 421 409)
4(408 409 421 420)
4(266 278 422 410)
4(409 410 422 421)
4(267 279 423 411)
4(410 411 423 422)
4(268 280 424 412)
4(411 412 424 423)
4(269 281 425 413)
4(412 413 425 424)
4(270 282 426 414)
4(413 414 426 425)
4(271 283 427 415)
4(414 415 427 426)
4(272 284 428 416)
4(415 416 428 427)
4(273 285 429 417)
4(416 417 429 428)
4(274 286 430 418)
4(417 418 430 429)
4(418 419 431 430)
4(289 301 445 433)
4(300 444 445 301)
4(432 433 445 444)
4(290 302 446 434)
4(301 445 446 302)
4(433 434 446 445)
4(291 303 447 435)
4(302 446 447 303)
4(434 435 447 446)
4(292 304 448 436)
4(303 447 448 304)
4(435 436 448 447)
4(293 305 449 437)
4(304 448 449 305)
4(436 437 449 448)
4(294 306 450 438)
4(305 449 450 306)
4(437 438 450 449)
4(295 307 451 439)
4(306 450 451 307)
4(438 439 451 450)
4(296 308 452 440)
4(307 451 452 308)
4(439 440 452 451)
4(297 309 453 441)
4(308 452 453 309)
4(440 441 453 452)
4(298 310 454 442)
4(309 453 454 310)
4(441 442 454 453)
4(310 454 455 311)
4(442 443 455 454)
4(301 313 457 445)
4(312 456 457 313)
4(444 445 457 456)
4(302 314 458 446)
4(313 457 458 314)
4(445 446 458 457)
4(303 315 459 447)
4(314 458 459 315)
4(446 447 459 458)
4(304 316 460 448)
4(315 459 460 316)
4(447 448 460 459)
4(305 317 461 449)
4(316 460 461 317)
4(448 449 461 460)
4(306 318 462 450)
4(317 461 462 318)
4(449 450 462 461)
4(307 319 463 451)
4(318 462 463 319)
4(450 451 463 462)
4(308 320 464 452)
4(319 463 464 320)
4(451 452 464 463)
4(309 321 465 453)
4(320 464 465 321)
4(452 453 465 464)
4(310 322 466 454)
4(321 465 466 322)
4(453 454 466 465)
4(322 466 467 323)
4(454 455 467 466)
4(313 325 469 457)
4(324 468 469 325)
4(456 457 469 468)
4(314 326 470 458)
4(325 469 470 326)
4(457 458 470 469)
4(315 327 471 459)
4(326 470 471 327)
4(458 459 471 470)
4(316 328 472 460)
4(327 471 472 328)
4(459 460 472 471)
4(317 329 473 461)
4(328 472 473 329)
4(460 461 473 472)
4(318 330 474 462)
4(329 473 474 330)
4(461 462 474 473)
4(319 331 475 463)
4(330 474 475 331)
4(462 463 475 474)
4(320 332 476 464)
4(331 475 476 332)
4(463 464 476 475)
4(321 333 477 465)
4(332 476 477 333)
4(464 465 477 476)
4(322 334 478 466)
4(333 477 478 334)
4(465 466 478 477)
4(334 478 479 335)
4(466 467 479 478)
4(325 337 481 469)
4(336 480 481 337)
4(468 469 481 480)
4(326 338 482 470)
4(337 481 482 338)
4(469 470 482 481)
4(327 339 483 471)
4(338 482 483 339)
4(470 471 483 482)
4(328 340 484 472)
4(339 483 484 340)
4(471 472 484 483)
4(329 341 485 473)
4(340 484 485 341)
4(472 473 485 484)
4(330 342 486 474)
4(341 485 486 342)
4(473 474 486 485)
4(331 343 487 475)
4(342 486 487 343)
4(474 475 487 486)
4(332 344 488 476)
4(343 487 488 344)
4(475 476 488 487)
4(333 345 489 477)
4(344 488 489 345)
4(476 477 489 488)
4(334 346 490 478)
4(345 489 490 346)
4(477 478 490 489)
4(346 490 491 347)
4(478 479 491 490)
4(337 349 493 481)
4(348 492 493 349)
4(480 481 493 492)
4(338 350 494 482)
4(349 493 494 350)
4(481 482 494 493)
4(339 351 495 483)
4(350 494 495 351)
4(482 483 495 494)
4(340 352 496 484)
4(351 495 496 352)
4(483 484 496 495)
4(341 353 497 485)
4(352 496 497 353)
4(484 485 497 496)
4(342 354 498 486)
4(353 497 498 354)
4(485 486 498 497)
4(343 355 499 487)
4(354 498 499 355)
4(486 487 499 498)
4(344 356 500 488)
4(355 499 500 356)
4(487 488 500 499)
4(345 357 501 489)
4(356 500 501 357)
4(488 489 501 500)
4(346 358 502 490)
4(357 501 502 358)
4(489 490 502 501)
4(358 502 503 359)
4(490 491 503 502)
4(349 361 505 493)
4(360 504 505 361)
4(492 493 505 504)
4(350 362 506 494)
4(361 505 506 362)
4(493 494 506 505)
4(351 363 507 495)
4(362 506 507 363)
4(494 495 507 506)
4(352 364 508 496)
4(363 507 508 364)
4(495 496 508 507)
4(353 365 509 497)
4(364 508 509 365)
4(496 497 509 508)
4(354 366 510 498)
4(365 509 510 366)
4(497 498 510 509)
4(355 367 511 499)
4(366 510 511 367)
4(498 499 511 510)
4(356 368 512 500)
4(367 511 512 368)
4(499 500 512 511)
4(357 369 513 501)
4(368 512 513 369)
4(500 501 513 512)
4(358 370 514 502)
4(369 513 514 370)
4(501 502 514 513)
4(370 514 515 371)
4(502 503 515 514)
4(361 373 517 505)
4(372 516 517 373)
4(504 505 517 516)
4(362 374 518 506)
4(373 517 518 374)
4(505 506 518 517)
4(363 375 519 507)
4(374 518 519 375)
4(506 507 519 518)
4(364 376 520 508)
4(375 519 520 376)
4(507 508 520 519)
4(365 377 521 509)
4(376 520 521 377)
4(508 509 521 520)
4(366 378 522 510)
4(377 521 522 378)
4(509 510 522 521)
4(367 379 523 511)
4(378 522 523 379)
4(510 511 523 522)
4(368 380 524 512)
4(379 523 524 380)
4(511 512 524 523)
4(369 381 525 513)
4(380 524 525 381)
4(512 513 525 524)
4(370 382 526 514)
4(381 525 526 382)
4(513 514 526 525)
4(382 526 527 383)
4(514 515 527 526)
4(373 385 529 517)
4(384 528 529 385)
4(516 517 529 528)
4(374 386 530 518)
4(385 529 530 386)
4(517 518 530 529)
4(375 387 531 519)
4(386 530 531 387)
4(518 519 531 530)
4(376 388 532 520)
4(387 531 532 388)
4(519 520 532 531)
4(377 389 533 521)
4(388 532 533 389)
4(520 521 533 532)
4(378 390 534 522)
4(389 533 534 390)
4(521 522 534 533)
4(379 391 535 523)
4(390 534 535 391)
4(522 523 535 534)
4(380 392 536 524)
4(391 535 536 392)
4(523 524 536 535)
4(381 393 537 525)
4(392 536 537 393)
4(524 525 537 536)
4(382 394 538 526)
4(393 537 538 394)
4(525 526 538 537)
4(394 538 539 395)
4(526 527 539 538)
4(385 397 541 529)
4(396 540 541 397)
4(528 529 541 540)
4(386 398 542 530)
4(397 541 542 398)
4(529 530 542 541)
4(387 399 543 531)
4(398 542 543 399)
4(530 531 543 542)
4(388 400 544 532)
4(399 543 544 400)
4(531 532 544 543)
4(389 401 545 533)
4(400 544 545 401)
4(532 533 545 544)
4(390 402 546 534)
4(401 545 546 402)
4(533 534 546 545)
4(391 403 547 535)
4(402 546 547 403)
4(534 535 547 546)
4(392 404 548 536)
4(403 547 548 404)
4(535 536 548 547)
4(393 405 549 537)
4(404 548 549 405)
4(536 537 549 548)
4(394 406 550 538)
4(405 549 550 406)
4(537 538 550 549)
4(406 550 551 407)
4(538 539 551 550)
4(397 409 553 541)
4(408 552 553 409)
4(540 541 553 552)
4(398 410 554 542)
4(409 553 554 410)
4(541 542 554 553)
4(399 411 555 543)
4(410 554 555 411)
4(542 543 555 554)
4(400 412 556 544)
4(411 555 556 412)
4(543 544 556 555)
4(401 413 557 545)
4(412 556 557 413)
4(544 545 557 556)
4(402 414 558 546)
4(413 557 558 414)
4(545 546 558 557)
4(403 415 559 547)
4(414 558 559 415)
4(546 547 559 558)
4(404 416 560 548)
4(415 559 560 416)
4(547 548 560 559)
4(405 417 561 549)
4(416 560 561 417)
4(548 549 561 560)
4(406 418 562 550)
4(417 561 562 418)
4(549 550 562 561)
4(418 562 563 419)
4(550 551 563 562)
4(409 421 565 553)
4(552 553 565 564)
4(410 422 566 554)
4(553 554 566 565)
4(411 423 567 555)
4(554 555 567 566)
4(412 424 568 556)
4(555 556 568 567)
4(413 425 569 557)
4(556 557 569 568)
4(414 426 570 558)
4(557 558 570 569)
4(415 427 571 559)
4(558 559 571 570)
4(416 428 572 560)
4(559 560 572 571)
4(417 429 573 561)
4(560 561 573 572)
4(418 430 574 562)
4(561 562 574 573)
4(562 563 575 574)
4(433 445 589 577)
4(444 588 589 445)
4(576 577 589 588)
4(434 446 590 578)
4(445 589 590 446)
4(577 578 590 589)
4(435 447 591 579)
4(446 590 591 447)
4(578 579 591 590)
4(436 448 592 580)
4(447 591 592 448)
4(579 580 592 591)
4(437 449 593 581)
4(448 592 593 449)
4(580 581 593 592)
4(438 450 594 582)
4(449 593 594 450)
4(581 582 594 593)
4(439 451 595 583)
4(450 594 595 451)
4(582 583 595 594)
4(440 452 596 584)
4(451 595 596 452)
4(583 584 596 595)
4(441 453 597 585)
4(452 596 597 453)
4(584 585 597 596)
4(442 454 598 586)
4(453 597 598 454)
4(585 586 598 597)
4(454 598 599 455)
4(586 587 599 598)
4(445 457 601 589)
4(456 600 601 457)
4(588 589 601 600)
4(446 458 602 590)
4(457 601 602 458)
4(589 590 602 601)
4(447 459 603 591)
4(458 602 603 459)
4(590 591 603 602)
4(448 460 604 592)
4(459 603 604 460)
4(591 592 604 603)
4(449 461 605 593)
4(460 604 605 461)
4(592 593 605 604)
4(450 462 606 594)
4(461 605 606 462)
4(593 594 606 605)
4(451 463 607 595)
4(462 606 607 463)
4(594 595 607 606)
4(452 464 608 596)
4(463 607 608 464)
4(595 596 608 607)
4(453 465 609 597)
4(464 608 609 465)
4(596 597 609 608)
4(454 466 610 598)
4(465 609 610 466)
4(597 598 610 609)
4(466 610 611 467)
4(598 599 611 610)
4(457 469 613 601)
4(468 612 613 469)
4(600 601 613 612)
4(458 470 614 602)
4(469 613 614 470)
4(601 602 614 613)
4(459 471 615 603)
4(470 614 615 471)
4(602 603 615 614)
4(460 472 616 604)
4(471 615 616 472)
4(603 604 616 615)
4(461 473 617 605)
4(472 616 617 473)
4(604 605 617 616)
4(462 474 618 606)
4(473 617 618 474)
4(605 606 618 617)
4(463 475 619 607)
4(474 618 619 475)
4(606 607 619 618)
4(464 476 620 608)
4(475 619 620 476)
4(607 608 620 619)
4(465 477 621 609)
4(476 620 621 477)
4(608 609 621 620)
4(466 478 622 610)
4(477 621 622 478)
4(609 610 622 621)
4(478 622 623 479)
4(610 611 623 622)
4(469 481 625 613)
4(480 624 625 481)
4(612 613 625 624)
4(470 482 626 614)
4(481 625 626 482)
4(613 614 626 625)
4(471 483 627 615)
4(482 626 627 483)
4(614 615 627 626)
4(472 484 628 616)
4(483 627 628 484)
4(615 616 628 627)
4(473 485 629 617)
4(484 628 629 485)
4(616 617 629 628)
4(474 486 630 618)
4(485 629 630 486)
4(617 618 630 629)
4(475 487 631 619)
4(486 630 631 487)
4(618 619 631 630)
4(476 488 632 620)
4(487 631 632 488)
4(619 620 632 631)
4(477 489 633 621)
4(488 632 633 489)
4(620 621 633 632)
4(478 490 634 622)
4(489 633 634 490)
4(621 622 634 633)
4(490 634 635 491)
4(622 623 635 634)
4(481 493 637 625)
4(492 636 637 493)
4(624 625 637 636)
4(482 494 638 626)
4(493 637 638 494)
4(625 626 638 637)
4(483 495 639 627)
4(494 638 639 495)
4(626 627 639 638)
4(484 496 640 628)
4(495 639 640 496)
4(627 628 640 639)
4(485 497 641 629)
4(496 640 641 497)
4(628 629 641 640)
4(486 498 642 630)
4(497 641 642 498)
4(629 630 642 641)
4(487 499 643 631)
4(498 642 643 499)
4(630 631 643 642)
4(488 500 644 632)
4(499 643 644 500)
4(631 632 644 643)
4(489 501 645 633)
4(500 644 645 501)
4(632 633 645 644)
4(490 502 646 634)
4(501 645 646 502)
4(633 634 646 645)
4(502 646 647 503)
4(634 635 647 646)
4(493 505 649 637)
4(504 648 649 505)
4(636 637 649 648)
4(494 506 650 638)
4(505 649 650 506)
4(637 638 650 649)
4(495 507 651 639)
4(506 650 651 507)
4(638 639 651 650)
4(496 508 652 640)
4(507 651 652 508)
4(639 640 652 651)
4(497 509 653 641)
4(508 652 653 509)
4(640 641 653 652)
4(498 510 654 642)
4(509 653 654 510)
4(641 642 654 653)
4(499 511 655 643)
4(510 654 655 511)
4(642 643 655 654)
4(500 512 656 644)
4(511 655 656 512)
4(643 644 656 655)
4(501 513 657 645)
4(512 656 657 513)
4(644 645 657 656)
4(502 514 658 646)
4(513 657 658 514)
4(645 646 658 657)
4(514 658 659 515)
4(646 647 659 658)
4(505 517 661 649)
4(516 660 661 517)
4(648 649 661 660)
4(506 518 662 650)
4(517 661 662 518)
4(649 650 662 661)
4(507 519 663 651)
4(518 662 663 519)
4(650 651 663 662)
4(508 520 664 652)
4(519 663 664 520)
4(651 652 664 663)
4(509 521 665 653)
4(520 664 665 521)
4(652 653 665 664)
4(510 522 666 654)
4(521 665 666 522)
4(653 654 666 665)
4(511 523 667 655)
4(522 666 667 523)
4(654 655 667 666)
4(512 524 668 656)
4(523 667 668 524)
4(655 656 668 667)
4(513 525 669 657)
4(524 668 669 525)
4(656 657 669 668)
4(514 526 670 658)
4(525 669 670 526)
4(657 658 670 669)
4(526 670 671 527)
4(658 659 671 670)
4(517 529 673 661)
4(528 672 673 529)
4(660 661 673 672)
4(518 530 674 662)
4(529 673 674 530)
4(661 662 674 673)
4(519 531 675 663)
4(530 674 675 531)
4(662 663 675 674)
4(520 532 676 664)
4(531 675 676 532)
4(663 664 676 675)
4(521 533 677 665)
4(532 676 677 533)
4(664 665 677 676)
4(522 534 678 666)
4(533 677 678 534)
4(665 666 678 677)
4(523 535 679 667)
4(534 678 679 535)
4(666 667 679 678)
4(524 536 680 668)
4(535 679 680 536)
4(667 668 680 679)
4(525 537 681 669)
4(536 680 681 537)
4(668 669 681 680)
4(526 538 682 670)
4(537 681 682 538)
4(669 670 682 681)
4(538 682 683 539)
4(670 671 683 682)
4(529 541 685 673)
4(540 684 685 541)
4(672 673 685 684)
4(530 542 686 674)
4(541 685 686 542)
4(673 674 686 685)
4(531 543 687 675)
4(542 686 687 543)
4(674 675 687 686)
4(532 544 688 676)
4(543 687 688 544)
4(675 676 688 687)
4(533 545 689 677)
4(544 688 689 545)
4(676 677 689 688)
4(534 546 690 678)
4(545 689 690 546)
4(677 678 690 689)
4(535 547 691 679)
4(546 690 691 547)
4(678 679 691 690)
4(536 548 692 680)
4(547 691 692 548)
4(679 680 692 691)
4(537 549 693 681)
4(548 692 693 549)
4(680 681 693 692)
4(538 550 694 682)
4(549 693 694 550)
4(681 682 694 693)
4(550 694 695 551)
4(682 683 695 694)
4(541 553 697 685)
4(552 696 697 553)
4(684 685 697 696)
4(542 554 698 686)
4(553 697 698 554)
4(685 686 698 697)
4(543 555 699 687)
4(554 698 699 555)
4(686 687 699 698)
4(544 556 700 688)
4(555 699 700 556)
4(687 688 700 699)
4(545 557 701 689)
4(556 700 701 557)
4(688 689 701 700)
4(546 558 702 690)
4(557 701 702 558)
4(689 690 702 701)
4(547 559 703 691)
4(558 702 703 559)
4(690 691 703 702)
4(548 560 704 692)
4(559 703 704 560)
4(691 692 704 703)
4(549 561 705 693)
4(560 704 705 561)
4(692 693 705 704)
4(550 562 706 694)
4(561 705 706 562)
4(693 694 706 705)
4(562 706 707 563)
4(694 695 707 706)
4(553 565 709 697)
4(696 697 709 708)
4(554 566 710 698)
4(697 698 710 709)
4(555 567 711 699)
4(698 699 711 710)
4(556 568 712 700)
4(699 700 712 711)
4(557 569 713 701)
4(700 701 713 712)
4(558 570 714 702)
4(701 702 714 713)
4(559 571 715 703)
4(702 703 715 714)
4(560 572 716 704)
4(703 704 716 715)
4(561 573 717 705)
4(704 705 717 716)
4(562 574 718 706)
4(705 706 718 717)
4(706 707 719 718)
4(577 589 733 721)
4(588 732 733 589)
4(720 721 733 732)
4(578 590 734 722)
4(589 733 734 590)
4(721 722 734 733)
4(579 591 735 723)
4(590 734 735 591)
4(722 723 735 734)
4(580 592 736 724)
4(591 735 736 592)
4(723 724 736 735)
4(581 593 737 725)
4(592 736 737 593)
4(724 725 737 736)
4(582 594 738 726)
4(593 737 738 594)
4(725 726 738 737)
4(583 595 739 727)
4(594 738 739 595)
4(726 727 739 738)
4(584 596 740 728)
4(595 739 740 596)
4(727 728 740 739)
4(585 597 741 729)
4(596 740 741 597)
4(728 729 741 740)
4(586 598 742 730)
4(597 741 742 598)
4(729 730 742 741)
4(598 742 743 599)
4(730 731 743 742)
4(589 601 745 733)
4(600 744 745 601)
4(732 733 745 744)
4(590 602 746 734)
4(601 745 746 602)
4(733 734 746 745)
4(591 603 747 735)
4(602 746 747 603)
4(734 735 747 746)
4(592 604 748 736)
4(603 747 748 604)
4(735 736 748 747)
4(593 605 749 737)
4(604 748 749 605)
4(736 737 749 748)
4(594 606 750 738)
4(605 749 750 606)
4(737 738 750 749)
4(595 607 751 739)
4(606 750 751 607)
4(738 739 751 750)
4(596 608 752 740)
4(607 751 752 608)
4(739 740 752 751)
4(597 609 753 741)
4(608 752 753 609)
4(740 741 753 752)
4(598 610 754 742)
4(609 753 754 610)
4(741 742 754 753)
4(610 754 755 611)
4(742 743 755 754)
4(601 613 757 745)
4(612 756 757 613)
4(744 745 757 756)
4(602 614 758 746)
4(613 757 758 614)
4(745 746 758 757)
4(603 615 759 747)
4(614 758 759 615)
4(746 747 759 758)
4(604 616 760 748)
4(615 759 760 616)
4(747 748 760 759)
4(605 617 761 749)
4(616 760 761 617)
4(748 749 761 760)
4(606 618 762 750)
4(617 761 762 618)
4(749 750 762 761)
4(607 619 763 751)
4(618 762 763 619)
4(750 751 763 762)
4(608 620 764 752)
4(619 763 764 620)
4(751 752 764 763)
4(609 621 765 753)
4(620 764 765 621)
4(752 753 765 764)
4(610 622 766 754)
4(621 765 766 622)
4(753 754 766 765)
4(622 766 767 623)
4(754 755 767 766)
4(613 625 769 757)
4(624 768 769 625)
4(756 757 769 768)
4(614 626 770 758)
4(625 769 770 626)
4(757 758 770 769)
4(615 627 771 759)
4(626 770 771 627)
4(758 759 771 770)
4(616 628 772 760)
4(627 771 772 628)
4(759 760 772 771)
4(617 629 773 761)
4(628 772 773 629)
4(760 761 773 772)
4(618 630 774 762)
4(629 773 774 630)
4(761 762 774 773)
4(619 631 775 763)
4(630 774 775 631)
4(762 763 775 774)
4(620 632 776 764)
4(631 775 776 632)
4(763 764 776 775)
4(621 633 777 765)
4(632 776 777 633)
4(764 765 777 776)
4(622 634 778 766)
4(633 777 778 634)
4(765 766 778 777)
4(634 778 779 635)
4(766 767 779 778)
4(625 637 781 769)
4(636 780 781 637)
4(768 769 781 780)
4(626 638 782 770)
4(637 781 782 638)
4(769 770 782 781)
4(627 639 783 771)
4(638 782 783 639)
4(770 771 783 782)
4(628 640 784 772)
4(639 783 784 640)
4(771 772 784 783)
4(629 641 785 773)
4(640 784 785 641)
4(772 773 785 784)
4(630 642 786 774)
4(641 785 786 642)
4(773 774 786 785)
4(631 643 787 775)
4(642 786 787 643)
4(774 775 787 786)
4(632 644 788 776)
4(643 787 788 644)
4(775 776 788 787)
4(633 645 789 777)
4(644 788 789 645)
4(776 777 789 788)
4(634 646 790 778)
4(645 789 790 646)
4(777 778 790 789)
4(646 790 791 647)
4(778 779 791 790)
4(637 649 793 781)
4(648 792 793 649)
4(780 781 793 792)
4(638 650 794 782)
4(649 793 794 650)
4(781 782 794 793)
4(639 651 795 783)
4(650 794 795 651)
4(782 783 795 794)
4(640 652 796 784)
4(651 795 796 652)
4(783 784 796 795)
4(641 653 797 785)
4(652 796 797 653)
4(784 785 797 796)
4(642 654 798 786)
4(653 797 798 654)
4(785 786 798 797)
4(643 655 799 787)
4(654 798 799 655)
4(786 787 799 798)
4(644 656 800 788)
4(655 799 800 656)
4(787 788 800 799)
4(645 657 801 789)
4(656 800 801 657)
4(788 789 801 800)
4(646 658 802 790)
4(657 801 802 658)
4(789 790 802 801)
4(658 802 803 659)
4(790 791 803 802)
4(649 661 805 793)
4(660 804 805 661)
4(792 793 805 804)
4(650 662 806 794)
4(661 805 806 662)
4(793 794 806 805)
4(651 663 807 795)
4(662 806 807 663)
4(794 795 807 806)
4(652 664 808 796)
4(663 807 808 664)
4(795 796 808 807)
4(653 665 809 797)
4(664 808 809 665)
4(796 797 809 808)
4(654 666 810 798)
4(665 809 810 666)
4(797 798 810 809)
4(655 667 811 799)
4(666 810 811 667)
4(798 799 811 810)
4(656 668 812 800)
4(667 811 812 668)
4(799 800 812 811)
4(657 669 813 801)
4(668 812 813 669)
4(800 801 813 812)
4(658 670 814 802)
4(669 813 814 670)
4(801 802 814 813)
4(670 814 815 671)
4(802 803 815 814)
4(661 673 817 805)
4(672 816 817 673)
4(804 805 817 816)
4(662 674 818 806)
4(673 817 818 674)
4(805 806 818 817)
4(663 675 819 807)
4(674 818 819 675)
4(806 807 819 818)
4(664 676 820 808)
4(675 819 820 676)
4(807 808 820 819)
4(665 677 821 809)
4(676 820 821 677)
4(808 809 821 820)
4(666 678 822 810)
4(677 821 822 678)
4(809 810 822 821)
4(667 679 823 811)
4(678 822 823 679)
4(810 811 823 822)
4(668 680 824 812)
4(679 823 824 680)
4(811 812 824 823)
4(669 681 825 813)
4(680 824 825 681)
4(812 813 825 824)
4(670 682 826 814)
4(681 825 826 682)
4(813 814 826 825)
4(682 826 827 683)
4(814 815 827 826)
4(673 685 829 817)
4(684 828 829 685)
4(816 817 829 828)
4(674 686 830 818)
4(685 829 830 686)
4(817 818 830 829)
4(675 687 831 819)
4(686 830 831 687)
4(818 819 831 830)
4(676 688 832 820)
4(687 831 832 688)
4(819 820 832 831)
4(677 689 833 821)
4(688 832 833 689)
4(820 821 833 832)
4(678 690 834 822)
4(689 833 834 690)
4(821 822 834 833)
4(679 691 835 823)
4(690 834 835 691)
4(822 823 835 834)
4(680 692 836 824)
4(691 835 836 692)
4(823 824 836 835)
4(681 693 837 825)
4(692 836 837 693)
4(824 825 837 836)
4(682 694 838 826)
4(693 837 838 694)
4(825 826 838 837)
4(694 838 839 695)
4(826 827 839 838)
4(685 697 841 829)
4(696 840 841 697)
4(828 829 841 840)
4(686 698 842 830)
4(697 841 842 698)
4(829 830 842 841)
4(687 699 843 831)
4(698 842 843 699)
4(830 831 843 842)
4(688 700 844 832)
4(699 843 844 700)
4(831 832 844 843)
4(689 701 845 833)
4(700 844 845 701)
4(832 833 845 844)
4(690 702 846 834)
4(701 845 846 702)
4(833 834 846 845)
4(691 703 847 835)
4(702 846 847 703)
4(834 835 847 846)
4(692 704 848 836)
4(703 847 848 704)
4(835 836 848 847)
4(693 705 849 837)
4(704 848 849 705)
4(836 837 849 848)
4(694 706 850 838)
4(705 849 850 706)
4(837 838 850 849)
4(706 850 851 707)
4(838 839 851 850)
4(697 709 853 841)
4(840 841 853 852)
4(698 710 854 842)
4(841 842 854 853)
4(699 711 855 843)
4(842 843 855 854)
4(700 712 856 844)
4(843 844 856 855)
4(701 713 857 845)
4(844 845 857 856)
4(702 714 858 846)
4(845 846 858 857)
4(703 715 859 847)
4(846 847 859 858)
4(704 716 860 848)
4(847 848 860 859)
4(705 717 861 849)
4(848 849 861 860)
4(706 718 862 850)
4(849 850 862 861)
4(850 851 863 862)
4(721 733 877 865)
4(732 876 877 733)
4(864 865 877 876)
4(722 734 878 866)
4(733 877 878 734)
4(865 866 878 877)
4(723 735 879 867)
4(734 878 879 735)
4(866 867 879 878)
4(724 736 880 868)
4(735 879 880 736)
4(867 868 880 879)
4(725 737 881 869)
4(736 880 881 737)
4(868 869 881 880)
4(726 738 882 870)
4(737 881 882 738)
4(869 870 882 881)
4(727 739 883 871)
4(738 882 883 739)
4(870 871 883 882)
4(728 740 884 872)
4(739 883 884 740)
4(871 872 884 883)
4(729 741 885 873)
4(740 884 885 741)
4(872 873 885 884)
4(730 742 886 874)
4(741 885 886 742)
4(873 874 886 885)
4(742 886 887 743)
4(874 875 887 886)
4(733 745 889 877)
4(744 888 889 745)
4(876 877 889 888)
4(734 746 890 878)
4(745 889 890 746)
4(877 878 890 889)
4(735 747 891 879)
4(746 890 891 747)
4(878 879 891 890)
4(736 748 892 880)
4(747 891 892 748)
4(879 880 892 891)
4(737 749 893 881)
4(748 892 893 749)
4(880 881 893 892)
4(738 750 894 882)
4(749 893 894 750)
4(881 882 894 893)
4(739 751 895 883)
4(750 894 895 751)
4(882 883 895 894)
4(740 752 896 884)
4(751 895 896 752)
4(883 884 896 895)
4(741 753 897 885)
4(752 896 897 753)
4(884 885 897 896)
4(742 754 898 886)
4(753 897 898 754)
4(885 886 898 897)
4(754 898 899 755)
4(886 887 899 898)
4(745 757 901 889)
4(756 900 901 757)
4(888 889 901 900)
4(746 758 902 890)
4(757 901 902 758)
4(889 890 902 901)
4(747 759 903 891)
4(758 902 903 759)
4(890 891 903 902)
4(748 760 904 892)
4(759 903 904 760)
4(891 892 904 903)
4(749 761 905 893)
4(760 904 905 761)
4(892 893 905 904)
4(750 762 906 894)
4(761 905 906 762)
4(893 894 906 905)
4(751 763 907 895)
4(762 906 907 763)
4(894 895 907 906)
4(752 764 908 896)
4(763 907 908 764)
4(895 896 908 907)
4(753 765 909 897)
4(764 908 909 765)
4(896 897 909 908)
4(754 766 910 898)
4(765 909 910 766)
4(897 898 910 909)
4(766 910 911 767)
4(898 899 911 910)
4(757 769 913 901)
4(768 912 913 769)
4(900 901 913 912)
4(758 770 914 902)
4(769 913 914 770)
4(901 902 914 913)
4(759 771 915 903)
4(770 914 915 771)
4(902 903 915 914)
4(760 772 916 904)
4(771 915 916 772)
4(903 904 916 915)
4(761 773 917 905)
4(772 916 917 773)
4(904 905 917 916)
4(762 774 918 906)
4(773 917 918 774)
4(905 906 918 917)
4(763 775 919 907)
4(774 918 919 775)
4(906 907 919 918)
4(764 776 920 908)
4(775 919 920 776)
4(907 908 920 919)
4(765 777 921 909)
4(776 920 921 777)
4(908 909 921 920)
4(766 778 922 910)
4(777 921 922 778)
4(909 910 922 921)
4(778 922 923 779)
4(910 911 923 922)
4(769 781 925 913)
4(780 924 925 781)
4(912 913 925 924)
4(770 782 926 914)
4(781 925 926 782)
4(913 914 926 925)
4(771 783 927 915)
4(782 926 927 783)
4(914 915 927 926)
4(772 784 928 916)
4(783 927 928 784)
4(915 916 928 927)
4(773 785 929 917)
4(784 928 929 785)
4(916 917 929 928)
4(774 786 930 918)
4(785 929 930 786)
4(917 918 930 929)
4(775 787 931 919)
4(786 930 931 787)
4(918 919 931 930)
4(776 788 932 920)
4(787 931 932 788)
4(919 920 932 931)
4(777 789 933 921)
4(788 932 933 789)
4(920 921 933 932)
4(778 790 934 922)
4(789 933 934 790)
4(921 922 934 933)
4(790 934 935 791)
4(922 923 935 934)
4(781 793 937 925)
4(792 936 937 793)
4(924 925 937 936)
4(782 794 938 926)
4(793 937 938 794)
4(925 926 938 937)
4(783 795 939 927)
4(794 938 939 795)
4(926 927 939 938)
4(784 796 940 928)
4(795 939 940 796)
4(927 928 940 939)
4(785 797 941 929)
4(796 940 941 797)
4(928 929 941 940)
4(786 798 942 930)
4(797 941 942 798)
4(929 930 942 941)
4(787 799 943 931)
4(798 942 943 799)
4(930 931 943 942)
4(788 800 944 932)
4(799 943 944 800)
4(931 932 944 943)
4(789 801 945 933)
4(800 944 945 801)
4(932 933 945 944)
4(790 802 946 934)
4(801 945 946 802)
4(933 934 946 945)
4(802 946 947 803)
4(934 935 947 946)
4(793 805 949 937)
4(804 948 949 805)
4(936 937 949 948)
4(794 806 950 938)
4(805 949 950 806)
4(937 938 950 949)
4(795 807 951 939)
4(806 950 951 807)
4(938 939 951 950)
4(796 808 952 940)
4(807 951 952 808)
4(939 940 952 951)
4(797 809 953 941)
4(808 952 953 809)
4(940 941 953 952)
4(798 810 954 942)
4(809 953 954 810)
4(941 942 954 953)
4(799 811 955 943)
4(810 954 955 811)
4(942 943 955 954)
4(800 812 956 944)
4(811 955 956 812)
4(943 944 956 955)
4(801 813 957 945)
4(812 956 957 813)
4(944 945 957 956)
4(802 814 958 946)
4(813 957 958 814)
4(945 946 958 957)
4(814 958 959 815)
4(946 947 959 958)
4(805 817 961 949)
4(816 960 961 817)
4(948 949 961 960)
4(806 818 962 950)
4(817 961 962 818)
4(949 950 962 961)
4(807 819 963 951)
4(818 962 963 819)
4(950 951 963 962)
4(808 820 964 952)
4(819 963 964 820)
4(951 952 964 963)
4(809 821 965 953)
4(820 964 965 821)
4(952 953 965 964)
4(810 822 966 954)
4(821 965 966 822)
4(953 954 966 965)
4(811 823 967 955)
4(822 966 967 823)
4(954 955 967 966)
4(812 824 968 956)
4(823 967 968 824)
4(955 956 968 967)
4(813 825 969 957)
4(824 968 969 825)
4(956 957 969 968)
4(814 826 970 958)
4(825 969 970 826)
4(957 958 970 969)
4(826 970 971 827)
4(958 959 971 970)
4(817 829 973 961)
4(828 972 973 829)
4(960 961 973 972)
4(818 830 974 962)
4(829 973 974 830)
4(961 962 974 973)
4(819 831 975 963)
4(830 974 975 831)
4(962 963 975 974)
4(820 832 976 964)
4(831 975 976 832)
4(963 964 976 975)
4(821 833 977 965)
4(832 976 977 833)
4(964 965 977 976)
4(822 834 978 966)
4(833 977 978 834)
4(965 966 978 977)
4(823 835 979 967)
4(834 978 979 835)
4(966 967 979 978)
4(824 836 980 968)
4(835 979 980 836)
4(967 968 980 979)
4(825 837 981 969)
4(836 980 981 837)
4(968 969 981 980)
4(826 838 982 970)
4(837 981 982 838)
4(969 970 982 981)
4(838 982 983 839)
4(970 971 983 982)
4(829 841 985 973)
4(840 984 985 841)
4(972 973 985 984)
4(830 842 986 974)
4(841 985 986 842)
4(973 974 986 985)
4(831 843 987 975)
4(842 986 987 843)
4(974 975 987 986)
4(832 844 988 976)
4(843 987 988 844)
4(975 976 988 987)
4(833 845 989 977)
4(844 988 989 845)
4(976 977 989 988)
4(834 846 990 978)
4(845 989 990 846)
4(977 978 990 989)
4(835 847 991 979)
4(846 990 991 847)
4(978 979 991 990)
4(836 848 992 980)
4(847 991 992 848)
4(979 980 992 991)
4(837 849 993 981)
4(848 992 993 849)
4(980 981 993 992)
4(838 850 994 982)
4(849 993 994 850)
4(981 982 994 993)
4(850 994 995 851)
4(982 983 995 994)
4(841 853 997 985)
4(984 985 997 996)
4(842 854 998 986)
4(985 986 998 997)
4(843 855 999 987)
4(986 987 999 998)
4(844 856 1000 988)
4(987 988 1000 999)
4(845 857 1001 989)
4(988 989 1001 1000)
4(846 858 1002 990)
4(989 990 1002 1001)
4(847 859 1003 991)
4(990 991 1003 1002)
4(848 860 1004 992)
4(991 992 1004 1003)
4(849 861 1005 993)
4(992 993 1005 1004)
4(850 862 1006 994)
4(993 994 1006 1005)
4(994 995 1007 1006)
4(865 877 1021 1009)
4(876 1020 1021 877)
4(1008 1009 1021 1020)
4(866 878 1022 1010)
4(877 1021 1022 878)
4(1009 1010 1022 1021)
4(867 879 1023 1011)
4(878 1022 1023 879)
4(1010 1011 1023 1022)
4(868 880 1024 1012)
4(879 1023 1024 880)
4(1011 1012 1024 1023)
4(869 881 1025 1013)
4(880 1024 1025 881)
4(1012 1013 1025 1024)
4(870 882 1026 1014)
4(881 1025 1026 882)
4(1013 1014 1026 1025)
4(871 883 1027 1015)
4(882 1026 1027 883)
4(1014 1015 1027 1026)
4(872 884 1028 1016)
4(883 1027 1028 884)
4(1015 1016 1028 1027)
4(873 885 1029 1017)
4(884 1028 1029 885)
4(1016 1017 1029 1028)
4(874 886 1030 1018)
4(885 1029 1030 886)
4(1017 1018 1030 1029)
4(886 1030 1031 887)
4(1018 1019 1031 1030)
4(877 889 1033 1021)
4(888 1032 1033 889)
4(1020 1021 1033 1032)
4(878 890 1034 1022)
4(889 1033 1034 890)
4(1021 1022 1034 1033)
4(879 891 1035 1023)
4(890 1034 1035 891)
4(1022 1023 1035 1034)
4(880 892 1036 1024)
4(891 1035 1036 892)
4(1023 1024 1036 1035)
4(881 893 1037 1025)
4(892 1036 1037 893)
4(1024 1025 1037 1036)
4(882 894 1038 1026)
4(893 1037 1038 894)
4(1025 1026 1038 1037)
4(883 895 1039 1027)
4(894 1038 1039 895)
4(1026 1027 1039 1038)
4(884 896 1040 1028)
4(895 1039 1040 896)
4(1027 1028 1040 1039)
4(885 897 1041 1029)
4(896 1040 1041 897)
4(1028 1029 1041 1040)
4(886 898 1042 1030)
4(897 1041 1042 898)
4(1029 1030 1042 1041)
4(898 1042 1043 899)
4(1030 1031 1043 1042)
4(889 901 1045 1033)
4(900 1044 1045 901)
4(1032 1033 1045 1044)
4(890 902 1046 1034)
4(901 1045 1046 902)
4(1033 1034 1046 1045)
4(891 903 1047 1035)
4(902 1046 1047 903)
4(1034 1035 1047 1046)
4(892 904 1048 1036)
4(903 1047 1048 904)
4(1035 1036 1048 1047)
4(893 905 1049 1037)
4(904 1048 1049 905)
4(1036 1037 1049 1048)
4(894 906 1050 1038)
4(905 1049 1050 906)
4(1037 1038 1050 1049)
4(895 907 1051 1039)
4(906 1050 1051 907)
4(1038 1039 1051 1050)
4(896 908 1052 1040)
4(907 1051 1052 908)
4(1039 1040 1052 1051)
4(897 909 1053 1041)
4(908 1052 1053 909)
4(1040 1041 1053 1052)
4(898 910 1054 1042)
4(909 1053 1054 910)
4(1041 1042 1054 1053)
4(910 1054 1055 911)
4(1042 1043 1055 1054)
4(901 913 1057 1045)
4(912 1056 1057 913)
4(1044 1045 1057 1056)
4(902 914 1058 1046)
4(913 1057 1058 914)
4(1045 1046 1058 1057)
4(903 915 1059 1047)
4(914 1058 1059 915)
4(1046 1047 1059 1058)
4(904 916 1060 1048)
4(915 1059 1060 916)
4(1047 1048 1060 1059)
4(905 917 1061 1049)
4(916 1060 1061 917)
4(1048 1049 1061 1060)
4(906 918 1062 1050)
4(917 1061 1062 918)
4(1049 1050 1062 1061)
4(907 919 1063 1051)
4(918 1062 1063 919)
4(1050 1051 1063 1062)
4(908 920 1064 1052)
4(919 1063 1064 920)
4(1051 1052 1064 1063)
4(909 921 1065 1053)
4(920 1064 1065 921)
4(1052 1053 1065 1064)
4(910 922 1066 1054)
4(921 1065 1066 922)
4(1053 1054 1066 1065)
4(922 1066 1067 923)
4(1054 1055 1067 1066)
4(913 925 1069 1057)
4(924 1068 1069 925)
4(1056 1057 1069 1068)
4(914 926 1070 1058)
4(925 1069 1070 926)
4(1057 1058 1070 1069)
4(915 927 1071 1059)
4(926 1070 1071 927)
4(1058 1059 1071 1070)
4(916 928 1072 1060)
4(927 1071 1072 928)
4(1059 1060 1072 1071)
4(917 929 1073 1061)
4(928 1072 1073 929)
4(1060 1061 1073 1072)
4(918 930 1074 1062)
4(929 1073 1074 930)
4(1061 1062 1074 1073)
4(919 931 1075 1063)
4(930 1074 1075 931)
4(1062 1063 1075 1074)
4(920 932 1076 1064)
4(931 1075 1076 932)
4(1063 1064 1076 1075)
4(921 933 1077 1065)
4(932 1076 1077 933)
4(1064 1065 1077 1076)
4(922 934 1078 1066)
4(933 1077 1078 934)
4(1065 1066 1078 1077)
4(934 1078 1079 935)
4(1066 1067 1079 1078)
4(925 937 1081 1069)
4(936 1080 1081 937)
4(1068 1069 1081 1080)
4(926 938 1082 1070)
4(937 1081 1082 938)
4(1069 1070 1082 1081)
4(927 939 1083 1071)
4(938 1082 1083 939)
4(1070 1071 1083 1082)
4(928 940 1084 1072)
4(939 1083 1084 940)
4(1071 1072 1084 1083)
4(929 941 1085 1073)
4(940 1084 1085 941)
4(1072 1073 1085 1084)
4(930 942 1086 1074)
4(941 1085 1086 942)
4(1073 1074 1086 1085)
4(931 943 1087 1075)
4(942 1086 1087 943)
4(1074 1075 1087 1086)
4(932 944 1088 1076)
4(943 1087 1088 944)
4(1075 1076 1088 1087)
4(933 945 1089 1077)
4(944 1088 1089 945)
4(1076 1077 1089 1088)
4(934 946 1090 1078)
4(945 1089 1090 946)
4(1077 1078 1090 1089)
4(946 1090 1091 947)
4(1078 1079 1091 1090)
4(937 949 1093 1081)
4(948 1092 1093 949)
4(1080 1081 1093 1092)
4(938 950 1094 1082)
4(949 1093 1094 950)
4(1081 1082 1094 1093)
4(939 951 1095 1083)
4(950 1094 1095 951)
4(1082 1083 1095 1094)
4(940 952 1096 1084)
4(951 1095 1096 952)
4(1083 1084 1096 1095)
4(941 953 1097 1085)
4(952 1096 1097 953)
4(1084 1085 1097 1096)
4(942 954 1098 1086)
4(953 1097 1098 954)
4(1085 1086 1098 1097)
4(943 955 1099 1087)
4(954 1098 1099 955)
4(1086 1087 1099 1098)
4(944 956 1100 1088)
4(955 1099 1100 956)
4(1087 1088 1100 1099)
4(945 957 1101 1089)
4(956 1100 1101 957)
4(1088 1089 1101 1100)
4(946 958 1102 1090)
4(957 1101 1102 958)
4(1089 1090 1102 1101)
4(958 1102 1103 959)
4(1090 1091 1103 1102)
4(949 961 1105 1093)
4(960 1104 1105 961)
4(1092 1093 1105 1104)
4(950 962 1106 1094)
4(961 1105 1106 962)
4(1093 1094 1106 1105)
4(951 963 1107 1095)
4(962 1106 1107 963)
4(1094 1095 1107 1106)
4(952 964 1108 1096)
4(963 1107 1108 964)
4(1095 1096 1108 1107)
4(953 965 1109 1097)
4(964 1108 1109 965)
4(1096 1097 1109 1108)
4(954 966 1110 1098)
4(965 1109 1110 966)
4(1097 1098 1110 1109)
4(955 967 1111 1099)
4(966 1110 1111 967)
4(1098 1099 1111 1110)
4(956 968 1112 1100)
4(967 1111 1112 968)
4(1099 1100 1112 1111)
4(957 969 1113 1101)
4(968 1112 1113 969)
4(1100 1101 1113 1112)
4(958 970 1114 1102)
4(969 1113 1114 970)
4(1101 1102 1114 1113)
4(970 1114 1115 971)
4(1102 1103 1115 1114)
4(961 973 1117 1105)
4(972 1116 1117 973)
4(1104 1105 1117 1116)
4(962 974 1118 1106)
4(973 1117 1118 974)
4(1105 1106 1118 1117)
4(963 975 1119 1107)
4(974 1118 1119 975)
4(1106 1107 1119 1118)
4(964 976 1120 1108)
4(975 1119 1120 976)
4(1107 1108 1120 1119)
4(965 977 1121 1109)
4(976 1120 1121 977)
4(1108 1109 1121 1120)
4(966 978 1122 1110)
4(977 1121 1122 978)
4(1109 1110 1122 1121)
4(967 979 1123 1111)
4(978 1122 1123 979)
4(1110 1111 1123 1122)
4(968 980 1124 1112)
4(979 1123 1124 980)
4(1111 1112 1124 1123)
4(969 981 1125 1113)
4(980 1124 1125 981)
4(1112 1113 1125 1124)
4(970 982 1126 1114)
4(981 1125 1126 982)
4(1113 1114 1126 1125)
4(982 1126 1127 983)
4(1114 1115 1127 1126)
4(973 985 1129 1117)
4(984 1128 1129 985)
4(1116 1117 1129 1128)
4(974 986 1130 1118)
4(985 1129 1130 986)
4(1117 1118 1130 1129)
4(975 987 1131 1119)
4(986 1130 1131 987)
4(1118 1119 1131 1130)
4(976 988 1132 1120)
4(987 1131 1132 988)
4(1119 1120 1132 1131)
4(977 989 1133 1121)
4(988 1132 1133 989)
4(1120 1121 1133 1132)
4(978 990 1134 1122)
4(989 1133 1134 990)
4(1121 1122 1134 1133)
4(979 991 1135 1123)
4(990 1134 1135 991)
4(1122 1123 1135 1134)
4(980 992 1136 1124)
4(991 1135 1136 992)
4(1123 1124 1136 1135)
4(981 993 1137 1125)
4(992 1136 1137 993)
4(1124 1125 1137 1136)
4(982 994 1138 1126)
4(993 1137 1138 994)
4(1125 1126 1138 1137)
4(994 1138 1139 995)
4(1126 1127 1139 1138)
4(985 997 1141 1129)
4(1128 1129 1141 1140)
4(986 998 1142 1130)
4(1129 1130 1142 1141)
4(987 999 1143 1131)
4(1130 1131 1143 1142)
4(988 1000 1144 1132)
4(1131 1132 1144 1143)
4(989 1001 1145 1133)
4(1132 1133 1145 1144)
4(990 1002 1146 1134)
4(1133 1134 1146 1145)
4(991 1003 1147 1135)
4(1134 1135 1147 1146)
4(992 1004 1148 1136)
4(1135 1136 1148 1147)
4(993 1005 1149 1137)
4(1136 1137 1149 1148)
4(994 1006 1150 1138)
4(1137 1138 1150 1149)
4(1138 1139 1151 1150)
4(1009 1021 1165 1153)
4(1020 1164 1165 1021)
4(1152 1153 1165 1164)
4(1010 1022 1166 1154)
4(1021 1165 1166 1022)
4(1153 1154 1166 1165)
4(1011 1023 1167 1155)
4(1022 1166 1167 1023)
4(1154 1155 1167 1166)
4(1012 1024 1168 1156)
4(1023 1167 1168 1024)
4(1155 1156 1168 1167)
4(1013 1025 1169 1157)
4(1024 1168 1169 1025)
4(1156 1157 1169 1168)
4(1014 1026 1170 1158)
4(1025 1169 1170 1026)
4(1157 1158 1170 1169)
4(1015 1027 1171 1159)
4(1026 1170 1171 1027)
4(1158 1159 1171 1170)
4(1016 1028 1172 1160)
4(1027 1171 1172 1028)
4(1159 1160 1172 1171)
4(1017 1029 1173 1161)
4(1028 1172 1173 1029)
4(1160 1161 1173 1172)
4(1018 1030 1174 1162)
4(1029 1173 1174 1030)
4(1161 1162 1174 1173)
4(1030 1174 1175 1031)
4(1162 1163 1175 1174)
4(1021 1033 1177 1165)
4(1032 1176 1177 1033)
4(1164 1165 1177 1176)
4(1022 1034 1178 1166)
4(1033 1177 1178 1034)
4(1165 1166 1178 1177)
4(1023 1035 1179 1167)
4(1034 1178 1179 1035)
4(1166 1167 1179 1178)
4(1024 1036 1180 1168)
4(1035 1179 1180 1036)
4(1167 1168 1180 1179)
4(1025 1037 1181 1169)
4(1036 1180 1181 1037)
4(1168 1169 1181 1180)
4(1026 1038 1182 1170)
4(1037 1181 1182 1038)
4(1169 1170 1182 1181)
4(1027 1039 1183 1171)
4(1038 1182 1183 1039)
4(1170 1171 1183 1182)
4(1028 1040 1184 1172)
4(1039 1183 1184 1040)
4(1171 1172 1184 1183)
4(1029 1041 1185 1173)
4(1040 1184 1185 1041)
4(1172 1173 1185 1184)
4(1030 1042 1186 1174)
4(1041 1185 1186 1042)
4(1173 1174 1186 1185)
4(1042 1186 1187 1043)
4(1174 1175 1187 1186)
4(1033 1045 1189 1177)
4(1044 1188 1189 1045)
4(1176 1177 1189 1188)
4(1034 1046 1190 1178)
4(1045 1189 1190 1046)
4(1177 1178 1190 1189)
4(1035 1047 1191 1179)
4(1046 1190 1191 1047)
4(1178 1179 1191 1190)
4(1036 1048 1192 1180)
4(1047 1191 1192 1048)
4(1179 1180 1192 1191)
4(1037 1049 1193 1181)
4(1048 1192 1193 1049)
4(1180 1181 1193 1192)
4(1038 1050 1194 1182)
4(1049 1193 1194 1050)
4(1181 1182 1194 1193)
4(1039 1051 1195 1183)
4(1050 1194 1195 1051)
4(1182 1183 1195 1194)
4(1040 1052 1196 1184)
4(1051 1195 1196 1052)
4(1183 1184 1196 1195)
4(1041 1053 1197 1185)
4(1052 1196 1197 1053)
4(1184 1185 1197 1196)
4(1042 1054 1198 1186)
4(1053 1197 1198 1054)
4(1185 1186 1198 1197)
4(1054 1198 1199 1055)
4(1186 1187 1199 1198)
4(1045 1057 1201 1189)
4(1056 1200 1201 1057)
4(1188 1189 1201 1200)
4(1046 1058 1202 1190)
4(1057 1201 1202 1058)
4(1189 1190 1202 1201)
4(1047 1059 1203 1191)
4(1058 1202 1203 1059)
4(1190 1191 1203 1202)
4(1048 1060 1204 1192)
4(1059 1203 1204 1060)
4(1191 1192 1204 1203)
4(1049 1061 1205 1193)
4(1060 1204 1205 1061)
4(1192 1193 1205 1204)
4(1050 1062 1206 1194)
4(1061 1205 1206 1062)
4(1193 1194 1206 1205)
4(1051 1063 1207 1195)
4(1062 1206 1207 1063)
4(1194 1195 1207 1206)
4(1052 1064 1208 1196)
4(1063 1207 1208 1064)
4(1195 1196 1208 1207)
4(1053 1065 1209 1197)
4(1064 1208 1209 1065)
4(1196 1197 1209 1208)
4(1054 1066 1210 1198)
4(1065 1209 1210 1066)
4(1197 1198 1210 1209)
4(1066 1210 1211 1067)
4(1198 1199 1211 1210)
4(1057 1069 1213 1201)
4(1068 1212 1213 1069)
4(1200 1201 1213 1212)
4(1058 1070 1214 1202)
4(1069 1213 1214 1070)
4(1201 1202 1214 1213)
4(1059 1071 1215 1203)
4(1070 1214 1215 1071)
4(1202 1203 1215 1214)
4(1060 1072 1216 1204)
4(1071 1215 1216 1072)
4(1203 1204 1216 1215)
4(1061 1073 1217 1205)
4(1072 1216 1217 1073)
4(1204 1205 1217 1216)
4(1062 1074 1218 1206)
4(1073 1217 1218 1074)
4(1205 1206 1218 1217)
4(1063 1075 1219 1207)
4(1074 1218 1219 1075)
4(1206 1207 1219 1218)
4(1064 1076 1220 1208)
4(1075 1219 1220 1076)
4(1207 1208 1220 1219)
4(1065 1077 1221 1209)
4(1076 1220 1221 1077)
4(1208 1209 1221 1220)
4(1066 1078 1222 1210)
4(1077 1221 1222 1078)
4(1209 1210 1222 1221)
4(1078 1222 1223 1079)
4(1210 1211 1223 1222)
4(1069 1081 1225 1213)
4(1080 1224 1225 1081)
4(1212 1213 1225 1224)
4(1070 1082 1226 1214)
4(1081 1225 1226 1082)
4(1213 1214 1226 1225)
4(1071 1083 1227 1215)
4(1082 1226 1227 1083)
4(1214 1215 1227 1226)
4(1072 1084 1228 1216)
4(1083 1227 1228 1084)
4(1215 1216 1228 1227)
4(1073 1085 1229 1217)
4(1084 1228 1229 1085)
4(1216 1217 1229 1228)
4(1074 1086 1230 1218)
4(1085 1229 1230 1086)
4(1217 1218 1230 1229)
4(1075 1087 1231 1219)
4(1086 1230 1231 1087)
4(1218 1219 1231 1230)
4(1076 1088 1232 1220)
4(1087 1231 1232 1088)
4(1219 1220 1232 1231)
4(1077 1089 1233 1221)
4(1088 1232 1233 1089)
4(1220 1221 1233 1232)
4(1078 1090 1234 1222)
4(1089 1233 1234 1090)
4(1221 1222 1234 1233)
4(1090 1234 1235 1091)
4(1222 1223 1235 1234)
4(1081 1093 1237 1225)
4(1092 1236 1237 1093)
4(1224 1225 1237 1236)
4(1082 1094 1238 1226)
4(1093 1237 1238 1094)
4(1225 1226 1238 1237)
4(1083 1095 1239 1227)
4(1094 1238 1239 1095)
4(1226 1227 1239 1238)
4(1084 1096 1240 1228)
4(1095 1239 1240 1096)
4(1227 1228 1240 1239)
4(1085 1097 1241 1229)
4(1096 1240 1241 1097)
4(1228 1229 1241 1240)
4(1086 1098 1242 1230)
4(1097 1241 1242 1098)
4(1229 1230 1242 1241)
4(1087 1099 1243 1231)
4(1098 1242 1243 1099)
4(1230 1231 1243 1242)
4(1088 1100 1244 1232)
4(1099 1243 1244 1100)
4(1231 1232 1244 1243)
4(1089 1101 1245 1233)
4(1100 1244 1245 1101)
4(1232 1233 1245 1244)
4(1090 1102 1246 1234)
4(1101 1245 1246 1102)
4(1233 1234 1246 1245)
4(1102 1246 1247 1103)
4(1234 1235 1247 1246)
4(1093 1105 1249 1237)
4(1104 1248 1249 1105)
4(1236 1237 1249 1248)
4(1094 1106 1250 1238)
4(1105 1249 1250 1106)
4(1237 1238 1250 1249)
4(1095 1107 1251 1239)
4(1106 1250 1251 1107)
4(1238 1239 1251 1250)
4(1096 1108 1252 1240)
4(1107 1251 1252 1108)
4(1239 1240 1252 1251)
4(1097 1109 1253 1241)
4(1108 1252 1253 1109)
4(1240 1241 1253 1252)
4(1098 1110 1254 1242)
4(1109 1253 1254 1110)
4(1241 1242 1254 1253)
4(1099 1111 1255 1243)
4(1110 1254 1255 1111)
4(1242 1243 1255 1254)
4(1100 1112 1256 1244)
4(1111 1255 1256 1112)
4(1243 1244 1256 1255)
4(1101 1113 1257 1245)
4(1112 1256 1257 1113)
4(1244 1245 1257 1256)
4(1102 1114 1258 1246)
4(1113 1257 1258 1114)
4(1245 1246 1258 1257)
4(1114 1258 1259 1115)
4(1246 1247 1259 1258)
4(1105 1117 1261 1249)
4(1116 1260 1261 1117)
4(1248 1249 1261 1260)
4(1106 1118 1262 1250)
4(1117 1261 1262 1118)
4(1249 1250 1262 1261)
4(1107 1119 1263 1251)
4(1118 1262 1263 1119)
4(1250 1251 1263 1262)
4(1108 1120 1264 1252)
4(1119 1263 1264 1120)
4(1251 1252 1264 1263)
4(1109 1121 1265 1253)
4(1120 1264 1265 1121)
4(1252 1253 1265 1264)
4(1110 1122 1266 1254)
4(1121 1265 1266 1122)
4(1253 1254 1266 1265)
4(1111 1123 1267 1255)
4(1122 1266 1267 1123)
4(1254 1255 1267 1266)
4(1112 1124 1268 1256)
4(1123 1267 1268 1124)
4(1255 1256 1268 1267)
4(1113 1125 1269 1257)
4(1124 1268 1269 1125)
4(1256 1257 1269 1268)
4(1114 1126 1270 1258)
4(1125 1269 1270 1126)
4(1257 1258 1270 1269)
4(1126 1270 1271 1127)
4(1258 1259 1271 1270)
4(1117 1129 1273 1261)
4(1128 1272 1273 1129)
4(1260 1261 1273 1272)
4(1118 1130 1274 1262)
4(1129 1273 1274 1130)
4(1261 1262 1274 1273)
4(1119 1131 1275 1263)
4(1130 1274 1275 1131)
4(1262 1263 1275 1274)
4(1120 1132 1276 1264)
4(1131 1275 1276 1132)
4(1263 1264 1276 1275)
4(1121 1133 1277 1265)
4(1132 1276 1277 1133)
4(1264 1265 1277 1276)
4(1122 1134 1278 1266)
4(1133 1277 1278 1134)
4(1265 1266 1278 1277)
4(1123 1135 1279 1267)
4(1134 1278 1279 1135)
4(1266 1267 1279 1278)
4(1124 1136 1280 1268)
4(1135 1279 1280 1136)
4(1267 1268 1280 1279)
4(1125 1137 1281 1269)
4(1136 1280 1281 1137)
4(1268 1269 1281 1280)
4(1126 1138 1282 1270)
4(1137 1281 1282 1138)
4(1269 1270 1282 1281)
4(1138 1282 1283 1139)
4(1270 1271 1283 1282)
4(1129 1141 1285 1273)
4(1272 1273 1285 1284)
4(1130 1142 1286 1274)
4(1273 1274 1286 1285)
4(1131 1143 1287 1275)
4(1274 1275 1287 1286)
4(1132 1144 1288 1276)
4(1275 1276 1288 1287)
4(1133 1145 1289 1277)
4(1276 1277 1289 1288)
4(1134 1146 1290 1278)
4(1277 1278 1290 1289)
4(1135 1147 1291 1279)
4(1278 1279 1291 1290)
4(1136 1148 1292 1280)
4(1279 1280 1292 1291)
4(1137 1149 1293 1281)
4(1280 1281 1293 1292)
4(1138 1150 1294 1282)
4(1281 1282 1294 1293)
4(1282 1283 1295 1294)
4(1153 1165 1309 1297)
4(1164 1308 1309 1165)
4(1296 1297 1309 1308)
4(1154 1166 1310 1298)
4(1165 1309 1310 1166)
4(1297 1298 1310 1309)
4(1155 1167 1311 1299)
4(1166 1310 1311 1167)
4(1298 1299 1311 1310)
4(1156 1168 1312 1300)
4(1167 1311 1312 1168)
4(1299 1300 1312 1311)
4(1157 1169 1313 1301)
4(1168 1312 1313 1169)
4(1300 1301 1313 1312)
4(1158 1170 1314 1302)
4(1169 1313 1314 1170)
4(1301 1302 1314 1313)
4(1159 1171 1315 1303)
4(1170 1314 1315 1171)
4(1302 1303 1315 1314)
4(1160 1172 1316 1304)
4(1171 1315 1316 1172)
4(1303 1304 1316 1315)
4(1161 1173 1317 1305)
4(1172 1316 1317 1173)
4(1304 1305 1317 1316)
4(1162 1174 1318 1306)
4(1173 1317 1318 1174)
4(1305 1306 1318 1317)
4(1174 1318 1319 1175)
4(1306 1307 1319 1318)
4(1165 1177 1321 1309)
4(1176 1320 1321 1177)
4(1308 1309 1321 1320)
4(1166 1178 1322 1310)
4(1177 1321 1322 1178)
4(1309 1310 1322 1321)
4(1167 1179 1323 1311)
4(1178 1322 1323 1179)
4(1310 1311 1323 1322)
4(1168 1180 1324 1312)
4(1179 1323 1324 1180)
4(1311 1312 1324 1323)
4(1169 1181 1325 1313)
4(1180 1324 1325 1181)
4(1312 1313 1325 1324)
4(1170 1182 1326 1314)
4(1181 1325 1326 1182)
4(1313 1314 1326 1325)
4(1171 1183 1327 1315)
4(1182 1326 1327 1183)
4(1314 1315 1327 1326)
4(1172 1184 1328 1316)
4(1183 1327 1328 1184)
4(1315 1316 1328 1327)
4(1173 1185 1329 1317)
4(1184 1328 1329 1185)
4(1316 1317 1329 1328)
4(1174 1186 1330 1318)
4(1185 1329 1330 1186)
4(1317 1318 1330 1329)
4(1186 1330 1331 1187)
4(1318 1319 1331 1330)
4(1177 1189 1333 1321)
4(1188 1332 1333 1189)
4(1320 1321 1333 1332)
4(1178 1190 1334 1322)
4(1189 1333 1334 1190)
4(1321 1322 1334 1333)
4(1179 1191 1335 1323)
4(1190 1334 1335 1191)
4(1322 1323 1335 1334)
4(1180 1192 1336 1324)
4(1191 1335 1336 1192)
4(1323 1324 1336 1335)
4(1181 1193 1337 1325)
4(1192 1336 1337 1193)
4(1324 1325 1337 1336)
4(1182 1194 1338 1326)
4(1193 1337 1338 1194)
4(1325 1326 1338 1337)
4(1183 1195 1339 1327)
4(1194 1338 1339 1195)
4(1326 1327 1339 1338)
4(1184 1196 1340 1328)
4(1195 1339 1340 1196)
4(1327 1328 1340 1339)
4(1185 1197 1341 1329)
4(1196 1340 1341 1197)
4(1328 1329 1341 1340)
4(1186 1198 1342 1330)
4(1197 1341 1342 1198)
4(1329 1330 1342 1341)
4(1198 1342 1343 1199)
4(1330 1331 1343 1342)
4(1189 1201 1345 1333)
4(1200 1344 1345 1201)
4(1332 1333 1345 1344)
4(1190 1202 1346 1334)
4(1201 1345 1346 1202)
4(1333 1334 1346 1345)
4(1191 1203 1347 1335)
4(1202 1346 1347 1203)
4(1334 1335 1347 1346)
4(1192 1204 1348 1336)
4(1203 1347 1348 1204)
4(1335 1336 1348 1347)
4(1193 1205 1349 1337)
4(1204 1348 1349 1205)
4(1336 1337 1349 1348)
4(1194 1206 1350 1338)
4(1205 1349 1350 1206)
4(1337 1338 1350 1349)
4(1195 1207 1351 1339)
4(1206 1350 1351 1207)
4(1338 1339 1351 1350)
4(1196 1208 1352 1340)
4(1207 1351 1352 1208)
4(1339 1340 1352 1351)
4(1197 1209 1353 1341)
4(1208 1352 1353 1209)
4(1340 1341 1353 1352)
4(1198 1210 1354 1342)
4(1209 1353 1354 1210)
4(1341 1342 1354 1353)
4(1210 1354 1355 1211)
4(1342 1343 1355 1354)
4(1201 1213 1357 1345)
4(1212 1356 1357 1213)
4(1344 1345 1357 1356)
4(1202 1214 1358 1346)
4(1213 1357 1358 1214)
4(1345 1346 1358 1357)
4(1203 1215 1359 1347)
4(1214 1358 1359 1215)
4(1346 1347 1359 1358)
4(1204 1216 1360 1348)
4(1215 1359 1360 1216)
4(1347 1348 1360 1359)
4(1205 1217 1361 1349)
4(1216 1360 1361 1217)
4(1348 1349 1361 1360)
4(1206 1218 1362 1350)
4(1217 1361 1362 1218)
4(1349 1350 1362 1361)
4(1207 1219 1363 1351)
4(1218 1362 1363 1219)
4(1350 1351 1363 1362)
4(1208 1220 1364 1352)
4(1219 1363 1364 1220)
4(1351 1352 1364 1363)
4(1209 1221 1365 1353)
4(1220 1364 1365 1221)
4(1352 1353 1365 1364)
4(1210 1222 1366 1354)
4(1221 1365 1366 1222)
4(1353 1354 1366 1365)
4(1222 1366 1367 1223)
4(1354 1355 1367 1366)
4(1213 1225 1369 1357)
4(1224 1368 1369 1225)
4(1356 1357 1369 1368)
4(1214 1226 1370 1358)
4(1225 1369 1370 1226)
4(1357 1358 1370 1369)
4(1215 1227 1371 1359)
4(1226 1370 1371 1227)
4(1358 1359 1371 1370)
4(1216 1228 1372 1360)
4(1227 1371 1372 1228)
4(1359 1360 1372 1371)
4(1217 1229 1373 1361)
4(1228 1372 1373 1229)
4(1360 1361 1373 1372)
4(1218 1230 1374 1362)
4(1229 1373 1374 1230)
4(1361 1362 1374 1373)
4(1219 1231 1375 1363)
4(1230 1374 1375 1231)
4(1362 1363 1375 1374)
4(1220 1232 1376 1364)
4(1231 1375 1376 1232)
4(1363 1364 1376 1375)
4(1221 1233 1377 1365)
4(1232 1376 1377 1233)
4(1364 1365 1377 1376)
4(1222 1234 1378 1366)
4(1233 1377 1378 1234)
4(1365 1366 1378 1377)
4(1234 1378 1379 1235)
4(1366 1367 1379 1378)
4(1225 1237 1381 1369)
4(1236 1380 1381 1237)
4(1368 1369 1381 1380)
4(1226 1238 1382 1370)
4(1237 1381 1382 1238)
4(1369 1370 1382 1381)
4(1227 1239 1383 1371)
4(1238 1382 1383 1239)
4(1370 1371 1383 1382)
4(1228 1240 1384 1372)
4(1239 1383 1384 1240)
4(1371 1372 1384 1383)
4(1229 1241 1385 1373)
4(1240 1384 1385 1241)
4(1372 1373 1385 1384)
4(1230 1242 1386 1374)
4(1241 1385 1386 1242)
4(1373 1374 1386 1385)
4(1231 1243 1387 1375)
4(1242 1386 1387 1243)
4(1374 1375 1387 1386)
4(1232 1244 1388 1376)
4(1243 1387 1388 1244)
4(1375 1376 1388 1387)
4(1233 1245 1389 1377)
4(1244 1388 1389 1245)
4(1376 1377 1389 1388)
4(1234 1246 1390 1378)
4(1245 1389 1390 1246)
4(1377 1378 1390 1389)
4(1246 1390 1391 1247)
4(1378 1379 1391 1390)
4(1237 1249 1393 1381)
4(1248 1392 1393 1249)
4(1380 1381 1393 1392)
4(1238 1250 1394 1382)
4(1249 1393 1394 1250)
4(1381 1382 1394 1393)
4(1239 1251 1395 1383)
4(1250 1394 1395 1251)
4(1382 1383 1395 1394)
4(1240 1252 1396 1384)
4(1251 1395 1396 1252)
4(1383 1384 1396 1395)
4(1241 1253 1397 1385)
4(1252 1396 1397 1253)
4(1384 1385 1397 1396)
4(1242 1254 1398 1386)
4(1253 1397 1398 1254)
4(1385 1386 1398 1397)
4(1243 1255 1399 1387)
4(1254 1398 1399 1255)
4(1386 1387 1399 1398)
4(1244 1256 1400 1388)
4(1255 1399 1400 1256)
4(1387 1388 1400 1399)
4(1245 1257 1401 1389)
4(1256 1400 1401 1257)
4(1388 1389 1401 1400)
4(1246 1258 1402 1390)
4(1257 1401 1402 1258)
4(1389 1390 1402 1401)
4(1258 1402 1403 1259)
4(1390 1391 1403 1402)
4(1249 1261 1405 1393)
4(1260 1404 1405 1261)
4(1392 1393 1405 1404)
4(1250 1262 1406 1394)
4(1261 1405 1406 1262)
4(1393 1394 1406 1405)
4(1251 1263 1407 1395)
4(1262 1406 1407 1263)
4(1394 1395 1407 1406)
4(1252 1264 1408 1396)
4(1263 1407 1408 1264)
4(1395 1396 1408 1407)
4(1253 1265 1409 1397)
4(1264 1408 1409 1265)
4(1396 1397 1409 1408)
4(1254 1266 1410 1398)
4(1265 1409 1410 1266)
4(1397 1398 1410 1409)
4(1255 1267 1411 1399)
4(1266 1410 1411 1267)
4(1398 1399 1411 1410)
4(1256 1268 1412 1400)
4(1267 1411 1412 1268)
4(1399 1400 1412 1411)
4(1257 1269 1413 1401)
4(1268 1412 1413 1269)
4(1400 1401 1413 1412)
4(1258 1270 1414 1402)
4(1269 1413 1414 1270)
4(1401 1402 1414 1413)
4(1270 1414 1415 1271)
4(1402 1403 1415 1414)
4(1261 1273 1417 1405)
4(1272 1416 1417 1273)
4(1404 1405 1417 1416)
4(1262 1274 1418 1406)
4(1273 1417 1418 1274)
4(1405 1406 1418 1417)
4(1263 1275 1419 1407)
4(1274 1418 1419 1275)
4(1406 1407 1419 1418)
4(1264 1276 1420 1408)
4(1275 1419 1420 1276)
4(1407 1408 1420 1419)
4(1265 1277 1421 1409)
4(1276 1420 1421 1277)
4(1408 1409 1421 1420)
4(1266 1278 1422 1410)
4(1277 1421 1422 1278)
4(1409 1410 1422 1421)
4(1267 1279 1423 1411)
4(1278 1422 1423 1279)
4(1410 1411 1423 1422)
4(1268 1280 1424 1412)
4(1279 1423 1424 1280)
4(1411 1412 1424 1423)
4(1269 1281 1425 1413)
4(1280 1424 1425 1281)
4(1412 1413 1425 1424)
4(1270 1282 1426 1414)
4(1281 1425 1426 1282)
4(1413 1414 1426 1425)
4(1282 1426 1427 1283)
4(1414 1415 1427 1426)
4(1273 1285 1429 1417)
4(1416 1417 1429 1428)
4(1274 1286 1430 1418)
4(1417 1418 1430 1429)
4(1275 1287 1431 1419)
4(1418 1419 1431 1430)
4(1276 1288 1432 1420)
4(1419 1420 1432 1431)
4(1277 1289 1433 1421)
4(1420 1421 1433 1432)
4(1278 1290 1434 1422)
4(1421 1422 1434 1433)
4(1279 1291 1435 1423)
4(1422 1423 1435 1434)
4(1280 1292 1436 1424)
4(1423 1424 1436 1435)
4(1281 1293 1437 1425)
4(1424 1425 1437 1436)
4(1282 1294 1438 1426)
4(1425 1426 1438 1437)
4(1426 1427 1439 1438)
4(1297 1309 1453 1441)
4(1308 1452 1453 1309)
4(1440 1441 1453 1452)
4(1298 1310 1454 1442)
4(1309 1453 1454 1310)
4(1441 1442 1454 1453)
4(1299 1311 1455 1443)
4(1310 1454 1455 1311)
4(1442 1443 1455 1454)
4(1300 1312 1456 1444)
4(1311 1455 1456 1312)
4(1443 1444 1456 1455)
4(1301 1313 1457 1445)
4(1312 1456 1457 1313)
4(1444 1445 1457 1456)
4(1302 1314 1458 1446)
4(1313 1457 1458 1314)
4(1445 1446 1458 1457)
4(1303 1315 1459 1447)
4(1314 1458 1459 1315)
4(1446 1447 1459 1458)
4(1304 1316 1460 1448)
4(1315 1459 1460 1316)
4(1447 1448 1460 1459)
4(1305 1317 1461 1449)
4(1316 1460 1461 1317)
4(1448 1449 1461 1460)
4(1306 1318 1462 1450)
4(1317 1461 1462 1318)
4(1449 1450 1462 1461)
4(1318 1462 1463 1319)
4(1450 1451 1463 1462)
4(1309 1321 1465 1453)
4(1320 1464 1465 1321)
4(1452 1453 1465 1464)
4(1310 1322 1466 1454)
4(1321 1465 1466 1322)
4(1453 1454 1466 1465)
4(1311 1323 1467 1455)
4(1322 1466 1467 1323)
4(1454 1455 1467 1466)
4(1312 1324 1468 1456)
4(1323 1467 1468 1324)
4(1455 1456 1468 1467)
4(1313 1325 1469 1457)
4(1324 1468 1469 1325)
4(1456 1457 1469 1468)
4(1314 1326 1470 1458)
4(1325 1469 1470 1326)
4(1457 1458 1470 1469)
4(1315 1327 1471 1459)
4(1326 1470 1471 1327)
4(1458 1459 1471 1470)
4(1316 1328 1472 1460)
4(1327 1471 1472 1328)
4(1459 1460 1472 1471)
4(1317 1329 1473 1461)
4(1328 1472 1473 1329)
4(1460 1461 1473 1472)
4(1318 1330 1474 1462)
4(1329 1473 1474 1330)
4(1461 1462 1474 1473)
4(1330 1474 1475 1331)
4(1462 1463 1475 1474)
4(1321 1333 1477 1465)
4(1332 1476 1477 1333)
4(1464 1465 1477 1476)
4(1322 1334 1478 1466)
4(1333 1477 1478 1334)
4(1465 1466 1478 1477)
4(1323 1335 1479 1467)
4(1334 1478 1479 1335)
4(1466 1467 1479 1478)
4(1324 1336 1480 1468)
4(1335 1479 1480 1336)
4(1467 1468 1480 1479)
4(1325 1337 1481 1469)
4(1336 1480 1481 1337)
4(1468 1469 1481 1480)
4(1326 1338 1482 1470)
4(1337 1481 1482 1338)
4(1469 1470 1482 1481)
4(1327 1339 1483 1471)
4(1338 1482 1483 1339)
4(1470 1471 1483 1482)
4(1328 1340 1484 1472)
4(1339 1483 1484 1340)
4(1471 1472 1484 1483)
4(1329 1341 1485 1473)
4(1340 1484 1485 1341)
4(1472 1473 1485 1484)
4(1330 1342 1486 1474)
4(1341 1485 1486 1342)
4(1473 1474 1486 1485)
4(1342 1486 1487 1343)
4(1474 1475 1487 1486)
4(1333 1345 1489 1477)
4(1344 1488 1489 1345)
4(1476 1477 1489 1488)
4(1334 1346 1490 1478)
4(1345 1489 1490 1346)
4(1477 1478 1490 1489)
4(1335 1347 1491 1479)
4(1346 1490 1491 1347)
4(1478 1479 1491 1490)
4(1336 1348 1492 1480)
4(1347 1491 1492 1348)
4(1479 1480 1492 1491)
4(1337 1349 1493 1481)
4(1348 1492 1493 1349)
4(1480 1481 1493 1492)
4(1338 1350 1494 1482)
4(1349 1493 1494 1350)
4(1481 1482 1494 1493)
4(1339 1351 1495 1483)
4(1350 1494 1495 1351)
4(1482 1483 1495 1494)
4(1340 1352 1496 1484)
4(1351 1495 1496 1352)
4(1483 1484 1496 1495)
4(1341 1353 1497 1485)
4(1352 1496 1497 1353)
4(1484 1485 1497 1496)
4(1342 1354 1498 1486)
4(1353 1497 1498 1354)
4(1485 1486 1498 1497)
4(1354 1498 1499 1355)
4(1486 1487 1499 1498)
4(1345 1357 1501 1489)
4(1356 1500 1501 1357)
4(1488 1489 1501 1500)
4(1346 1358 1502 1490)
4(1357 1501 1502 1358)
4(1489 1490 1502 1501)
4(1347 1359 1503 1491)
4(1358 1502 1503 1359)
4(1490 1491 1503 1502)
4(1348 1360 1504 1492)
4(1359 1503 1504 1360)
4(1491 1492 1504 1503)
4(1349 1361 1505 1493)
4(1360 1504 1505 1361)
4(1492 1493 1505 1504)
4(1350 1362 1506 1494)
4(1361 1505 1506 1362)
4(1493 1494 1506 1505)
4(1351 1363 1507 1495)
4(1362 1506 1507 1363)
4(1494 1495 1507 1506)
4(1352 1364 1508 1496)
4(1363 1507 1508 1364)
4(1495 1496 1508 1507)
4(1353 1365 1509 1497)
4(1364 1508 1509 1365)
4(1496 1497 1509 1508)
4(1354 1366 1510 1498)
4(1365 1509 1510 1366)
4(1497 1498 1510 1509)
4(1366 1510 1511 1367)
4(1498 1499 1511 1510)
4(1357 1369 1513 1501)
4(1368 1512 1513 1369)
4(1500 1501 1513 1512)
4(1358 1370 1514 1502)
4(1369 1513 1514 1370)
4(1501 1502 1514 1513)
4(1359 1371 1515 1503)
4(1370 1514 1515 1371)
4(1502 1503 1515 1514)
4(1360 1372 1516 1504)
4(1371 1515 1516 1372)
4(1503 1504 1516 1515)
4(1361 1373 1517 1505)
4(1372 1516 1517 1373)
4(1504 1505 1517 1516)
4(1362 1374 1518 1506)
4(1373 1517 1518 1374)
4(1505 1506 1518 1517)
4(1363 1375 1519 1507)
4(1374 1518 1519 1375)
4(1506 1507 1519 1518)
4(1364 1376 1520 1508)
4(1375 1519 1520 1376)
4(1507 1508 1520 1519)
4(1365 1377 1521 1509)
4(1376 1520 1521 1377)
4(1508 1509 1521 1520)
4(1366 1378 1522 1510)
4(1377 1521 1522 1378)
4(1509 1510 1522 1521)
4(1378 1522 1523 1379)
4(1510 1511 1523 1522)
4(1369 1381 1525 1513)
4(1380 1524 1525 1381)
4(1512 1513 1525 1524)
4(1370 1382 1526 1514)
4(1381 1525 1526 1382)
4(1513 1514 1526 1525)
4(1371 1383 1527 1515)
4(1382 1526 1527 1383)
4(1514 1515 1527 1526)
4(1372 1384 1528 1516)
4(1383 1527 1528 1384)
4(1515 1516 1528 1527)
4(1373 1385 1529 1517)
4(1384 1528 1529 1385)
4(1516 1517 1529 1528)
4(1374 1386 1530 1518)
4(1385 1529 1530 1386)
4(1517 1518 1530 1529)
4(1375 1387 1531 1519)
4(1386 1530 1531 1387)
4(1518 1519 1531 1530)
4(1376 1388 1532 1520)
4(1387 1531 1532 1388)
4(1519 1520 1532 1531)
4(1377 1389 1533 1521)
4(1388 1532 1533 1389)
4(1520 1521 1533 1532)
4(1378 1390 1534 1522)
4(1389 1533 1534 1390)
4(1521 1522 1534 1533)
4(1390 1534 1535 1391)
4(1522 1523 1535 1534)
4(1381 1393 1537 1525)
4(1392 1536 1537 1393)
4(1524 1525 1537 1536)
4(1382 1394 1538 1526)
4(1393 1537 1538 1394)
4(1525 1526 1538 1537)
4(1383 1395 1539 1527)
4(1394 1538 1539 1395)
4(1526 1527 1539 1538)
4(1384 1396 1540 1528)
4(1395 1539 1540 1396)
4(1527 1528 1540 1539)
4(1385 1397 1541 1529)
4(1396 1540 1541 1397)
4(1528 1529 1541 1540)
4(1386 1398 1542 1530)
4(1397 1541 1542 1398)
4(1529 1530 1542 1541)
4(1387 1399 1543 1531)
4(1398 1542 1543 1399)
4(1530 1531 1543 1542)
4(1388 1400 1544 1532)
4(1399 1543 1544 1400)
4(1531 1532 1544 1543)
4(1389 1401 1545 1533)
4(1400 1544 1545 1401)
4(1532 1533 1545 1544)
4(1390 1402 1546 1534)
4(1401 1545 1546 1402)
4(1533 1534 1546 1545)
4(1402 1546 1547 1403)
4(1534 1535 1547 1546)
4(1393 1405 1549 1537)
4(1404 1548 1549 1405)
4(1536 1537 1549 1548)
4(1394 1406 1550 1538)
4(1405 1549 1550 1406)
4(1537 1538 1550 1549)
4(1395 1407 1551 1539)
4(1406 1550 1551 1407)
4(1538 1539 1551 1550)
4(1396 1408 1552 1540)
4(1407 1551 1552 1408)
4(1539 1540 1552 1551)
4(1397 1409 1553 1541)
4(1408 1552 1553 1409)
4(1540 1541 1553 1552)
4(1398 1410 1554 1542)
4(1409 1553 1554 1410)
4(1541 1542 1554 1553)
4(1399 1411 1555 1543)
4(1410 1554 1555 1411)
4(1542 1543 1555 1554)
4(1400 1412 1556 1544)
4(1411 1555 1556 1412)
4(1543 1544 1556 1555)
4(1401 1413 1557 1545)
4(1412 1556 1557 1413)
4(1544 1545 1557 1556)
4(1402 1414 1558 1546)
4(1413 1557 1558 1414)
4(1545 1546 1558 1557)
4(1414 1558 1559 1415)
4(1546 1547 1559 1558)
4(1405 1417 1561 1549)
4(1416 1560 1561 1417)
4(1548 1549 1561 1560)
4(1406 1418 1562 1550)
4(1417 1561 1562 1418)
4(1549 1550 1562 1561)
4(1407 1419 1563 1551)
4(1418 1562 1563 1419)
4(1550 1551 1563 1562)
4(1408 1420 1564 1552)
4(1419 1563 1564 1420)
4(1551 1552 1564 1563)
4(1409 1421 1565 1553)
4(1420 1564 1565 1421)
4(1552 1553 1565 1564)
4(1410 1422 1566 1554)
4(1421 1565 1566 1422)
4(1553 1554 1566 1565)
4(1411 1423 1567 1555)
4(1422 1566 1567 1423)
4(1554 1555 1567 1566)
4(1412 1424 1568 1556)
4(1423 1567 1568 1424)
4(1555 1556 1568 1567)
4(1413 1425 1569 1557)
4(1424 1568 1569 1425)
4(1556 1557 1569 1568)
4(1414 1426 1570 1558)
4(1425 1569 1570 1426)
4(1557 1558 1570 1569)
4(1426 1570 1571 1427)
4(1558 1559 1571 1570)
4(1417 1429 1573 1561)
4(1560 1561 1573 1572)
4(1418 1430 1574 1562)
4(1561 1562 1574 1573)
4(1419 1431 1575 1563)
4(1562 1563 1575 1574)
4(1420 1432 1576 1564)
4(1563 1564 1576 1575)
4(1421 1433 1577 1565)
4(1564 1565 1577 1576)
4(1422 1434 1578 1566)
4(1565 1566 1578 1577)
4(1423 1435 1579 1567)
4(1566 1567 1579 1578)
4(1424 1436 1580 1568)
4(1567 1568 1580 1579)
4(1425 1437 1581 1569)
4(1568 1569 1581 1580)
4(1426 1438 1582 1570)
4(1569 1570 1582 1581)
4(1570 1571 1583 1582)
4(1441 1453 1597 1585)
4(1452 1596 1597 1453)
4(1442 1454 1598 1586)
4(1453 1597 1598 1454)
4(1443 1455 1599 1587)
4(1454 1598 1599 1455)
4(1444 1456 1600 1588)
4(1455 1599 1600 1456)
4(1445 1457 1601 1589)
4(1456 1600 1601 1457)
4(1446 1458 1602 1590)
4(1457 1601 1602 1458)
4(1447 1459 1603 1591)
4(1458 1602 1603 1459)
4(1448 1460 1604 1592)
4(1459 1603 1604 1460)
4(1449 1461 1605 1593)
4(1460 1604 1605 1461)
4(1450 1462 1606 1594)
4(1461 1605 1606 1462)
4(1462 1606 1607 1463)
4(1453 1465 1609 1597)
4(1464 1608 1609 1465)
4(1454 1466 1610 1598)
4(1465 1609 1610 1466)
4(1455 1467 1611 1599)
4(1466 1610 1611 1467)
4(1456 1468 1612 1600)
4(1467 1611 1612 1468)
4(1457 1469 1613 1601)
4(1468 1612 1613 1469)
4(1458 1470 1614 1602)
4(1469 1613 1614 1470)
4(1459 1471 1615 1603)
4(1470 1614 1615 1471)
4(1460 1472 1616 1604)
4(1471 1615 1616 1472)
4(1461 1473 1617 1605)
4(1472 1616 1617 1473)
4(1462 1474 1618 1606)
4(1473 1617 1618 1474)
4(1474 1618 1619 1475)
4(1465 1477 1621 1609)
4(1476 1620 1621 1477)
4(1466 1478 1622 1610)
4(1477 1621 1622 1478)
4(1467 1479 1623 1611)
4(1478 1622 1623 1479)
4(1468 1480 1624 1612)
4(1479 1623 1624 1480)
4(1469 1481 1625 1613)
4(1480 1624 1625 1481)
4(1470 1482 1626 1614)
4(1481 1625 1626 1482)
4(1471 1483 1627 1615)
4(1482 1626 1627 1483)
4(1472 1484 1628 1616)
4(1483 1627 1628 1484)
4(1473 1485 1629 1617)
4(1484 1628 1629 1485)
4(1474 1486 1630 1618)
4(1485 1629 1630 1486)
4(1486 1630 1631 1487)
4(1477 1489 1633 1621)
4(1488 1632 1633 1489)
4(1478 1490 1634 1622)
4(1489 1633 1634 1490)
4(1479 1491 1635 1623)
4(1490 1634 1635 1491)
4(1480 1492 1636 1624)
4(1491 1635 1636 1492)
4(1481 1493 1637 1625)
4(1492 1636 1637 1493)
4(1482 1494 1638 1626)
4(1493 1637 1638 1494)
4(1483 1495 1639 1627)
4(1494 1638 1639 1495)
4(1484 1496 1640 1628)
4(1495 1639 1640 1496)
4(1485 1497 1641 1629)
4(1496 1640 1641 1497)
4(1486 1498 1642 1630)
4(1497 1641 1642 1498)
4(1498 1642 1643 1499)
4(1489 1501 1645 1633)
4(1500 1644 1645 1501)
4(1490 1502 1646 1634)
4(1501 1645 1646 1502)
4(1491 1503 1647 1635)
4(1502 1646 1647 1503)
4(1492 1504 1648 1636)
4(1503 1647 1648 1504)
4(1493 1505 1649 1637)
4(1504 1648 1649 1505)
4(1494 1506 1650 1638)
4(1505 1649 1650 1506)
4(1495 1507 1651 1639)
4(1506 1650 1651 1507)
4(1496 1508 1652 1640)
4(1507 1651 1652 1508)
4(1497 1509 1653 1641)
4(1508 1652 1653 1509)
4(1498 1510 1654 1642)
4(1509 1653 1654 1510)
4(1510 1654 1655 1511)
4(1501 1513 1657 1645)
4(1512 1656 1657 1513)
4(1502 1514 1658 1646)
4(1513 1657 1658 1514)
4(1503 1515 1659 1647)
4(1514 1658 1659 1515)
4(1504 1516 1660 1648)
4(1515 1659 1660 1516)
4(1505 1517 1661 1649)
4(1516 1660 1661 1517)
4(1506 1518 1662 1650)
4(1517 1661 1662 1518)
4(1507 1519 1663 1651)
4(1518 1662 1663 1519)
4(1508 1520 1664 1652)
4(1519 1663 1664 1520)
4(1509 1521 1665 1653)
4(1520 1664 1665 1521)
4(1510 1522 1666 1654)
4(1521 1665 1666 1522)
4(1522 1666 1667 1523)
4(1513 1525 1669 1657)
4(1524 1668 1669 1525)
4(1514 1526 1670 1658)
4(1525 1669 1670 1526)
4(1515 1527 1671 1659)
4(1526 1670 1671 1527)
4(1516 1528 1672 1660)
4(1527 1671 1672 1528)
4(1517 1529 1673 1661)
4(1528 1672 1673 1529)
4(1518 1530 1674 1662)
4(1529 1673 1674 1530)
4(1519 1531 1675 1663)
4(1530 1674 1675 1531)
4(1520 1532 1676 1664)
4(1531 1675 1676 1532)
4(1521 1533 1677 1665)
4(1532 1676 1677 1533)
4(1522 1534 1678 1666)
4(1533 1677 1678 1534)
4(1534 1678 1679 1535)
4(1525 1537 1681 1669)
4(1536 1680 1681 1537)
4(1526 1538 1682 1670)
4(1537 1681 1682 1538)
4(1527 1539 1683 1671)
4(1538 1682 1683 1539)
4(1528 1540 1684 1672)
4(1539 1683 1684 1540)
4(1529 1541 1685 1673)
4(1540 1684 1685 1541)
4(1530 1542 1686 1674)
4(1541 1685 1686 1542)
4(1531 1543 1687 1675)
4(1542 1686 1687 1543)
4(1532 1544 1688 1676)
4(1543 1687 1688 1544)
4(1533 1545 1689 1677)
4(1544 1688 1689 1545)
4(1534 1546 1690 1678)
4(1545 1689 1690 1546)
4(1546 1690 1691 1547)
4(1537 1549 1693 1681)
4(1548 1692 1693 1549)
4(1538 1550 1694 1682)
4(1549 1693 1694 1550)
4(1539 1551 1695 1683)
4(1550 1694 1695 1551)
4(1540 1552 1696 1684)
4(1551 1695 1696 1552)
4(1541 1553 1697 1685)
4(1552 1696 1697 1553)
4(1542 1554 1698 1686)
4(1553 1697 1698 1554)
4(1543 1555 1699 1687)
4(1554 1698 1699 1555)
4(1544 1556 1700 1688)
4(1555 1699 1700 1556)
4(1545 1557 1701 1689)
4(1556 1700 1701 1557)
4(1546 1558 1702 1690)
4(1557 1701 1702 1558)
4(1558 1702 1703 1559)
4(1549 1561 1705 1693)
4(1560 1704 1705 1561)
4(1550 1562 1706 1694)
4(1561 1705 1706 1562)
4(1551 1563 1707 1695)
4(1562 1706 1707 1563)
4(1552 1564 1708 1696)
4(1563 1707 1708 1564)
4(1553 1565 1709 1697)
4(1564 1708 1709 1565)
4(1554 1566 1710 1698)
4(1565 1709 1710 1566)
4(1555 1567 1711 1699)
4(1566 1710 1711 1567)
4(1556 1568 1712 1700)
4(1567 1711 1712 1568)
4(1557 1569 1713 1701)
4(1568 1712 1713 1569)
4(1558 1570 1714 1702)
4(1569 1713 1714 1570)
4(1570 1714 1715 1571)
4(1561 1573 1717 1705)
4(1562 1574 1718 1706)
4(1563 1575 1719 1707)
4(1564 1576 1720 1708)
4(1565 1577 1721 1709)
4(1566 1578 1722 1710)
4(1567 1579 1723 1711)
4(1568 1580 1724 1712)
4(1569 1581 1725 1713)
4(1570 1582 1726 1714)
4(0 144 156 12)
4(12 156 168 24)
4(24 168 180 36)
4(36 180 192 48)
4(48 192 204 60)
4(60 204 216 72)
4(72 216 228 84)
4(84 228 240 96)
4(96 240 252 108)
4(108 252 264 120)
4(120 264 276 132)
4(144 288 300 156)
4(156 300 312 168)
4(168 312 324 180)
4(180 324 336 192)
4(192 336 348 204)
4(204 348 360 216)
4(216 360 372 228)
4(228 372 384 240)
4(240 384 396 252)
4(252 396 408 264)
4(264 408 420 276)
4(288 432 444 300)
4(300 444 456 312)
4(312 456 468 324)
4(324 468 480 336)
4(336 480 492 348)
4(348 492 504 360)
4(360 504 516 372)
4(372 516 528 384)
4(384 528 540 396)
4(396 540 552 408)
4(408 552 564 420)
4(432 576 588 444)
4(444 588 600 456)
4(456 600 612 468)
4(468 612 624 480)
4(480 624 636 492)
4(492 636 648 504)
4(504 648 660 516)
4(516 660 672 528)
4(528 672 684 540)
4(540 684 696 552)
4(552 696 708 564)
4(576 720 732 588)
4(588 732 744 600)
4(600 744 756 612)
4(612 756 768 624)
4(624 768 780 636)
4(636 780 792 648)
4(648 792 804 660)
4(660 804 816 672)
4(672 816 828 684)
4(684 828 840 696)
4(696 840 852 708)
4(720 864 876 732)
4(732 876 888 744)
4(744 888 900 756)
4(756 900 912 768)
4(768 912 924 780)
4(780 924 936 792)
4(792 936 948 804)
4(804 948 960 816)
4(816 960 972 828)
4(828 972 984 840)
4(840 984 996 852)
4(864 1008 1020 876)
4(876 1020 1032 888)
4(888 1032 1044 900)
4(900 1044 1056 912)
4(912 1056 1068 924)
4(924 1068 1080 936)
4(936 1080 1092 948)
4(948 1092 1104 960)
4(960 1104 1116 972)
4(972 1116 1128 984)
4(984 1128 1140 996)
4(1008 1152 1164 1020)
4(1020 1164 1176 1032)
4(1032 1176 1188 1044)
4(1044 1188 1200 1056)
4(1056 1200 1212 1068)
4(1068 1212 1224 1080)
4(1080 1224 1236 1092)
4(1092 1236 1248 1104)
4(1104 1248 1260 1116)
4(1116 1260 1272 1128)
4(1128 1272 1284 1140)
4(1152 1296 1308 1164)
4(1164 1308 1320 1176)
4(1176 1320 1332 1188)
4(1188 1332 1344 1200)
4(1200 1344 1356 1212)
4(1212 1356 1368 1224)
4(1224 1368 1380 1236)
4(1236 1380 1392 1248)
4(1248 1392 1404 1260)
4(1260 1404 1416 1272)
4(1272 1416 1428 1284)
4(1296 1440 1452 1308)
4(1308 1452 1464 1320)
4(1320 1464 1476 1332)
4(1332 1476 1488 1344)
4(1344 1488 1500 1356)
4(1356 1500 1512 1368)
4(1368 1512 1524 1380)
4(1380 1524 1536 1392)
4(1392 1536 1548 1404)
4(1404 1548 1560 1416)
4(1416 1560 1572 1428)
4(1440 1584 1596 1452)
4(1452 1596 1608 1464)
4(1464 1608 1620 1476)
4(1476 1620 1632 1488)
4(1488 1632 1644 1500)
4(1500 1644 1656 1512)
4(1512 1656 1668 1524)
4(1524 1668 1680 1536)
4(1536 1680 1692 1548)
4(1548 1692 1704 1560)
4(1560 1704 1716 1572)
4(11 23 167 155)
4(23 35 179 167)
4(35 47 191 179)
4(47 59 203 191)
4(59 71 215 203)
4(71 83 227 215)
4(83 95 239 227)
4(95 107 251 239)
4(107 119 263 251)
4(119 131 275 263)
4(131 143 287 275)
4(155 167 311 299)
4(167 179 323 311)
4(179 191 335 323)
4(191 203 347 335)
4(203 215 359 347)
4(215 227 371 359)
4(227 239 383 371)
4(239 251 395 383)
4(251 263 407 395)
4(263 275 419 407)
4(275 287 431 419)
4(299 311 455 443)
4(311 323 467 455)
4(323 335 479 467)
4(335 347 491 479)
4(347 359 503 491)
4(359 371 515 503)
4(371 383 527 515)
4(383 395 539 527)
4(395 407 551 539)
4(407 419 563 551)
4(419 431 575 563)
4(443 455 599 587)
4(455 467 611 599)
4(467 479 623 611)
4(479 491 635 623)
4(491 503 647 635)
4(503 515 659 647)
4(515 527 671 659)
4(527 539 683 671)
4(539 551 695 683)
4(551 563 707 695)
4(563 575 719 707)
4(587 599 743 731)
4(599 611 755 743)
4(611 623 767 755)
4(623 635 779 767)
4(635 647 791 779)
4(647 659 803 791)
4(659 671 815 803)
4(671 683 827 815)
4(683 695 839 827)
4(695 707 851 839)
4(707 719 863 851)
4(731 743 887 875)
4(743 755 899 887)
4(755 767 911 899)
4(767 779 923 911)
4(779 791 935 923)
4(791 803 947 935)
4(803 815 959 947)
4(815 827 971 959)
4(827 839 983 971)
4(839 851 995 983)
4(851 863 1007 995)
4(875 887 1031 1019)
4(887 899 1043 1031)
4(899 911 1055 1043)
4(911 923 1067 1055)
4(923 935 1079 1067)
4(935 947 1091 1079)
4(947 959 1103 1091)
4(959 971 1115 1103)
4(971 983 1127 1115)
4(983 995 1139 1127)
4(995 1007 1151 1139)
4(1019 1031 1175 1163)
4(1031 1043 1187 1175)
4(1043 1055 1199 1187)
4(1055 1067 1211 1199)
4(1067 1079 1223 1211)
4(1079 1091 1235 1223)
4(1091 1103 1247 1235)
4(1103 1115 1259 1247)
4(1115 1127 1271 1259)
4(1127 1139 1283 1271)
4(1139 1151 1295 1283)
4(1163 1175 1319 1307)
4(1175 1187 1331 1319)
4(1187 1199 1343 1331)
4(1199 1211 1355 1343)
4(1211 1223 1367 1355)
4(1223 1235 1379 1367)
4(1235 1247 1391 1379)
4(1247 1259 1403 1391)
4(1259 1271 1415 1403)
4(1271 1283 1427 1415)
4(1283 1295 1439 1427)
4(1307 1319 1463 1451)
4(1319 1331 1475 1463)
4(1331 1343 1487 1475)
4(1343 1355 1499 1487)
4(1355 1367 1511 1499)
4(1367 1379 1523 1511)
4(1379 1391 1535 1523)
4(1391 1403 1547 1535)
4(1403 1415 1559 1547)
4(1415 1427 1571 1559)
4(1427 1439 1583 1571)
4(1451 1463 1607 1595)
4(1463 1475 1619 1607)
4(1475 1487 1631 1619)
4(1487 1499 1643 1631)
4(1499 1511 1655 1643)
4(1511 1523 1667 1655)
4(1523 1535 1679 1667)
4(1535 1547 1691 1679)
4(1547 1559 1703 1691)
4(1559 1571 1715 1703)
4(1571 1583 1727 1715)
4(0 1 145 144)
4(144 145 289 288)
4(288 289 433 432)
4(432 433 577 576)
4(576 577 721 720)
4(720 721 865 864)
4(864 865 1009 1008)
4(1008 1009 1153 1152)
4(1152 1153 1297 1296)
4(1296 1297 1441 1440)
4(1440 1441 1585 1584)
4(1 2 146 145)
4(145 146 290 289)
4(289 290 434 433)
4(433 434 578 577)
4(577 578 722 721)
4(721 722 866 865)
4(865 866 1010 1009)
4(1009 1010 1154 1153)
4(1153 1154 1298 1297)
4(1297 1298 1442 1441)
4(1441 1442 1586 1585)
4(2 3 147 146)
4(146 147 291 290)
4(290 291 435 434)
4(434 435 579 578)
4(578 579 723 722)
4(722 723 867 866)
4(866 867 1011 1010)
4(1010 1011 1155 1154)
4(1154 1155 1299 1298)
4(1298 1299 1443 1442)
4(1442 1443 1587 1586)
4(3 4 148 147)
4(147 148 292 291)
4(291 292 436 435)
4(435 436 580 579)
4(579 580 724 723)
4(723 724 868 867)
4(867 868 1012 1011)
4(1011 1012 1156 1155)
4(1155 1156 1300 1299)
4(1299 1300 1444 1443)
4(1443 1444 1588 1587)
4(4 5 149 148)
4(148 149 293 292)
4(292 293 437 436)
4(436 437 581 580)
4(580 581 725 724)
4(724 725 869 868)
4(868 869 1013 1012)
4(1012 1013 1157 1156)
4(1156 1157 1301 1300)
4(1300 1301 1445 1444)
4(1444 1445 1589 1588)
4(5 6 150 149)
4(149 150 294 293)
4(293 294 438 437)
4(437 438 582 581)
4(581 582 726 725)
4(725 726 870 869)
4(869 870 1014 1013)
4(1013 1014 1158 1157)
4(1157 1158 1302 1301)
4(1301 1302 1446 1445)
4(1445 1446 1590 1589)
4(6 7 151 150)
4(150 151 295 294)
4(294 295 439 438)
4(438 439 583 582)
4(582 583 727 726)
4(726 727 871 870)
4(870 871 1015 1014)
4(1014 1015 1159 1158)
4(1158 1159 1303 1302)
4(1302 1303 1447 1446)
4(1446 1447 1591 1590)
4(7 8 152 151)
4(151 152 296 295)
4(295 296 440 439)
4(439 440 584 583)
4(583 584 728 727)
4(727 728 872 871)
4(871 872 1016 1015)
4(1015 1016 1160 1159)
4(1159 1160 1304 1303)
4(1303 1304 1448 1447)
4(1447 1448 1592 1591)
4(8 9 153 152)
4(152 153 297 296)
4(296 297 441 440)
4(440 441 585 584)
4(584 585 729 728)
4(728 729 873 872)
4(872 873 1017 1016)
4(1016 1017 1161 1160)
4(1160 1161 1305 1304)
4(1304 1305 1449 1448)
4(1448 1449 1593 1592)
4(9 10 154 153)
4(153 154 298 297)
4(297 298 442 441)
4(441 442 586 585)
4(585 586 730 729)
4(729 730 874 873)
4(873 874 1018 1017)
4(1017 1018 1162 1161)
4(1161 1162 1306 1305)
4(1305 1306 1450 1449)
4(1449 1450 1594 1593)
4(10 11 155 154)
4(154 155 299 298)
4(298 299 443 442)
4(442 443 587 586)
4(586 587 731 730)
4(730 731 875 874)
4(874 875 1019 1018)
4(1018 1019 1163 1162)
4(1162 1163 1307 1306)
4(1306 1307 1451 1450)
4(1450 1451 1595 1594)
4(132 276 277 133)
4(276 420 421 277)
4(420 564 565 421)
4(564 708 709 565)
4(708 852 853 709)
4(852 996 997 853)
4(996 1140 1141 997)
4(1140 1284 1285 1141)
4(1284 1428 1429 1285)
4(1428 1572 1573 1429)
4(1572 1716 1717 1573)
4(133 277 278 134)
4(277 421 422 278)
4(421 565 566 422)
4(565 709 710 566)
4(709 853 854 710)
4(853 997 998 854)
4(997 1141 1142 998)
4(1141 1285 1286 1142)
4(1285 1429 1430 1286)
4(1429 1573 1574 1430)
4(1573 1717 1718 1574)
4(134 278 279 135)
4(278 422 423 279)
4(422 566 567 423)
4(566 710 711 567)
4(710 854 855 711)
4(854 998 999 855)
4(998 1142 1143 999)
4(1142 1286 1287 1143)
4(1286 1430 1431 1287)
4(1430 1574 1575 1431)
4(1574 1718 1719 1575)
4(135 279 280 136)
4(279 423 424 280)
4(423 567 568 424)
4(567 711 712 568)
4(711 855 856 712)
4(855 999 1000 856)
4(999 1143 1144 1000)
4(1143 1287 1288 1144)
4(1287 1431 1432 1288)
4(1431 1575 1576 1432)
4(1575 1719 1720 1576)
4(136 280 281 137)
4(280 424 425 281)
4(424 568 569 425)
4(568 712 713 569)
4(712 856 857 713)
4(856 1000 1001 857)
4(1000 1144 1145 1001)
4(1144 1288 1289 1145)
4(1288 1432 1433 1289)
4(1432 1576 1577 1433)
4(1576 1720 1721 1577)
4(137 281 282 138)
4(281 425 426 282)
4(425 569 570 426)
4(569 713 714 570)
4(713 857 858 714)
4(857 1001 1002 858)
4(1001 1145 1146 1002)
4(1145 1289 1290 1146)
4(1289 1433 1434 1290)
4(1433 1577 1578 1434)
4(1577 1721 1722 1578)
4(138 282 283 139)
4(282 426 427 283)
4(426 570 571 427)
4(570 714 715 571)
4(714 858 859 715)
4(858 1002 1003 859)
4(1002 1146 1147 1003)
4(1146 1290 1291 1147)
4(1290 1434 1435 1291)
4(1434 1578 1579 1435)
4(1578 1722 1723 1579)
4(139 283 284 140)
4(283 427 428 284)
4(427 571 572 428)
4(571 715 716 572)
4(715 859 860 716)
4(859 1003 1004 860)
4(1003 1147 1148 1004)
4(1147 1291 1292 1148)
4(1291 1435 1436 1292)
4(1435 1579 1580 1436)
4(1579 1723 1724 1580)
4(140 284 285 141)
4(284 428 429 285)
4(428 572 573 429)
4(572 716 717 573)
4(716 860 861 717)
4(860 1004 1005 861)
4(1004 1148 1149 1005)
4(1148 1292 1293 1149)
4(1292 1436 1437 1293)
4(1436 1580 1581 1437)
4(1580 1724 1725 1581)
4(141 285 286 142)
4(285 429 430 286)
4(429 573 574 430)
4(573 717 718 574)
4(717 861 862 718)
4(861 1005 1006 862)
4(1005 1149 1150 1006)
4(1149 1293 1294 1150)
4(1293 1437 1438 1294)
4(1437 1581 1582 1438)
4(1581 1725 1726 1582)
4(142 286 287 143)
4(286 430 431 287)
4(430 574 575 431)
4(574 718 719 575)
4(718 862 863 719)
4(862 1006 1007 863)
4(1006 1150 1151 1007)
4(1150 1294 1295 1151)
4(1294 1438 1439 1295)
4(1438 1582 1583 1439)
4(1582 1726 1727 1583)
4(0 12 13 1)
4(12 24 25 13)
4(24 36 37 25)
4(36 48 49 37)
4(48 60 61 49)
4(60 72 73 61)
4(72 84 85 73)
4(84 96 97 85)
4(96 108 109 97)
4(108 120 121 109)
4(120 132 133 121)
4(1 13 14 2)
4(13 25 26 14)
4(25 37 38 26)
4(37 49 50 38)
4(49 61 62 50)
4(61 73 74 62)
4(73 85 86 74)
4(85 97 98 86)
4(97 109 110 98)
4(109 121 122 110)
4(121 133 134 122)
4(2 14 15 3)
4(14 26 27 15)
4(26 38 39 27)
4(38 50 51 39)
4(50 62 63 51)
4(62 74 75 63)
4(74 86 87 75)
4(86 98 99 87)
4(98 110 111 99)
4(110 122 123 111)
4(122 134 135 123)
4(3 15 16 4)
4(15 27 28 16)
4(27 39 40 28)
4(39 51 52 40)
4(51 63 64 52)
4(63 75 76 64)
4(75 87 88 76)
4(87 99 100 88)
4(99 111 112 100)
4(111 123 124 112)
4(123 135 136 124)
4(4 16 17 5)
4(16 28 29 17)
4(28 40 41 29)
4(40 52 53 41)
4(52 64 65 53)
4(64 76 77 65)
4(76 88 89 77)
4(88 100 101 89)
4(100 112 113 101)
4(112 124 125 113)
4(124 136 137 125)
4(5 17 18 6)
4(17 29 30 18)
4(29 41 42 30)
4(41 53 54 42)
4(53 65 66 54)
4(65 77 78 66)
4(77 89 90 78)
4(89 101 102 90)
4(101 113 114 102)
4(113 125 126 114)
4(125 137 138 126)
4(6 18 19 7)
4(18 30 31 19)
4(30 42 43 31)
4(42 54 55 43)
4(54 66 67 55)
4(66 78 79 67)
4(78 90 91 79)
4(90 102 103 91)
4(102 114 115 103)
4(114 126 127 115)
4(126 138 139 127)
4(7 19 20 8)
4(19 31 32 20)
4(31 43 44 32)
4(43 55 56 44)
4(55 67 68 56)
4(67 79 80 68)
4(79 91 92 80)
4(91 103 104 92)
4(103 115 116 104)
4(115 127 128 116)
4(127 139 140 128)
4(8 20 21 9)
4(20 32 33 21)
4(32 44 45 33)
4(44 56 57 45)
4(56 68 69 57)
4(68 80 81 69)
4(80 92 93 81)
4(92 104 105 93)
4(104 116 117 105)
4(116 128 129 117)
4(128 140 141 129)
4(9 21 22 10)
4(21 33 34 22)
4(33 45 46 34)
4(45 57 58 46)
4(57 69 70 58)
4(69 81 82 70)
4(81 93 94 82)
4(93 105 106 94)
4(105 117 118 106)
4(117 129 130 118)
4(129 141 142 130)
4(10 22 23 11)
4(22 34 35 23)
4(34 46 47 35)
4(46 58 59 47)
4(58 70 71 59)
4(70 82 83 71)
4(82 94 95 83)
4(94 106 107 95)
4(106 118 119 107)
4(118 130 131 119)
4(130 142 143 131)
4(1584 1585 1597 1596)
4(1596 1597 1609 1608)
4(1608 1609 1621 1620)
4(1620 1621 1633 1632)
4(1632 1633 1645 1644)
4(1644 1645 1657 1656)
4(1656 1657 1669 1668)
4(1668 1669 1681 1680)
4(1680 1681 1693 1692)
4(1692 1693 1705 1704)
4(1704 1705 1717 1716)
4(1585 1586 1598 1597)
4(1597 1598 1610 1609)
4(1609 1610 1622 1621)
4(1621 1622 1634 1633)
4(1633 1634 1646 1645)
4(1645 1646 1658 1657)
4(1657 1658 1670 1669)
4(1669 1670 1682 1681)
4(1681 1682 1694 1693)
4(1693 1694 1706 1705)
4(1705 1706 1718 1717)
4(1586 1587 1599 1598)
4(1598 1599 1611 1610)
4(1610 1611 1623 1622)
4(1622 1623 1635 1634)
4(1634 1635 1647 1646)
4(1646 1647 1659 1658)
4(1658 1659 1671 1670)
4(1670 1671 1683 1682)
4(1682 1683 1695 1694)
4(1694 1695 1707 1706)
4(1706 1707 1719 1718)
4(1587 1588 1600 1599)
4(1599 1600 1612 1611)
4(1611 1612 1624 1623)
4(1623 1624 1636 1635)
4(1635 1636 1648 1647)
4(1647 1648 1660 1659)
4(1659 1660 1672 1671)
4(1671 1672 1684 1683)
4(1683 1684 1696 1695)
4(1695 1696 1708 1707)
4(1707 1708 1720 1719)
4(1588 1589 1601 1600)
4(1600 1601 1613 1612)
4(1612 1613 1625 1624)
4(1624 1625 1637 1636)
4(1636 1637 1649 1648)
4(1648 1649 1661 1660)
4(1660 1661 1673 1672)
4(1672 1673 1685 1684)
4(1684 1685 1697 1696)
4(1696 1697 1709 1708)
4(1708 1709 1721 1720)
4(1589 1590 1602 1601)
4(1601 1602 1614 1613)
4(1613 1614 1626 1625)
4(1625 1626 1638 1637)
4(1637 1638 1650 1649)
4(1649 1650 1662 1661)
4(1661 1662 1674 1673)
4(1673 1674 1686 1685)
4(1685 1686 1698 1697)
4(1697 1698 1710 1709)
4(1709 1710 1722 1721)
4(1590 1591 1603 1602)
4(1602 1603 1615 1614)
4(1614 1615 1627 1626)
4(1626 1627 1639 1638)
4(1638 1639 1651 1650)
4(1650 1651 1663 1662)
4(1662 1663 1675 1674)
4(1674 1675 1687 1686)
4(1686 1687 1699 1698)
4(1698 1699 1711 1710)
4(1710 1711 1723 1722)
4(1591 1592 1604 1603)
4(1603 1604 1616 1615)
4(1615 1616 1628 1627)
4(1627 1628 1640 1639)
4(1639 1640 1652 1651)
4(1651 1652 1664 1663)
4(1663 1664 1676 1675)
4(1675 1676 1688 1687)
4(1687 1688 1700 1699)
4(1699 1700 1712 1711)
4(1711 1712 1724 1723)
4(1592 1593 1605 1604)
4(1604 1605 1617 1616)
4(1616 1617 1629 1628)
4(1628 1629 1641 1640)
4(1640 1641 1653 1652)
4(1652 1653 1665 1664)
4(1664 1665 1677 1676)
4(1676 1677 1689 1688)
4(1688 1689 1701 1700)
4(1700 1701 1713 1712)
4(1712 1713 1725 1724)
4(1593 1594 1606 1605)
4(1605 1606 1618 1617)
4(1617 1618 1630 1629)
4(1629 1630 1642 1641)
4(1641 1642 1654 1653)
4(1653 1654 1666 1665)
4(1665 1666 1678 1677)
4(1677 1678 1690 1689)
4(1689 1690 1702 1701)
4(1701 1702 1714 1713)
4(1713 1714 1726 1725)
4(1594 1595 1607 1606)
4(1606 1607 1619 1618)
4(1618 1619 1631 1630)
4(1630 1631 1643 1642)
4(1642 1643 1655 1654)
4(1654 1655 1667 1666)
4(1666 1667 1679 1678)
4(1678 1679 1691 1690)
4(1690 1691 1703 1702)
4(1702 1703 1715 1714)
4(1714 1715 1727 1726)
)


// ************************************************************************* //
