/*--------------------------------*- C++ -*----------------------------------*\
| =========                 |                                                 |
| \\      /  F ield         | OpenFOAM: The Open Source CFD Toolbox           |
|  \\    /   O peration     | Version:  2506                                  |
|   \\  /    A nd           | Website:  www.openfoam.com                      |
|    \\/     M anipulation  |                                                 |
\*---------------------------------------------------------------------------*/
FoamFile
{
    version     2.0;
    format      ascii;
    arch        "LSB;label=32;scalar=64";
    class       regIOobject;
    location    "constant/polyMesh";
    object      faceZones;
    meta
    {
        names           1 ( inner-cylinder );
    }
}
// * * * * * * * * * * * * * * * * * * * * * * * * * * * * * * * * * * * * * //

1
(inner-cylinder
{
    type            faceZone;
    faceLabels      List<label> 
928
(
8295
8306
8313
8320
8391
8401
8407
8413
9635
9637
9644
9645
9650
9651
9653
9656
9657
9661
9732
9734
9741
9747
9750
9753
9758
9820
9822
9830
9838
9859
9863
9871
9878
9938
9940
9951
9953
9973
9976
9984
9993
10061
10063
10069
10074
10076
10079
10083
10152
10154
10161
10167
10170
10173
10178
10250
10256
10262
11242
11243
11247
11250
11259
11265
11267
11276
11278
11281
11342
11343
11410
11413
11466
11468
11476
11513
11529
11536
11584
11586
11597
11631
11646
11655
11713
11714
11777
11780
11839
11840
11871
11874
11931
11939
11944
11950
11956
11961
12854
12865
12872
12879
12943
12945
12950
12990
12995
12998
13048
13050
13101
13142
13156
13196
13200
13247
13258
13301
13308
13357
13359
13409
13458
13460
13469
13480
13487
13494
13508
13567
13607
13611
14487
14494
14497
14500
14564
14565
14571
14595
14600
14602
14654
14694
14732
14772
14815
14853
14905
14941
14992
14999
15006
15009
15012
15027
15074
15081
15106
15110
15987
15994
15997
16000
16064
16065
16071
16095
16100
16102
16154
16194
16232
16270
16313
16349
16401
16437
16488
16495
16502
16505
16508
16523
16570
16576
16601
16606
17483
17493
17499
17505
17571
17572
17573
17576
17612
17620
17622
17673
17674
17726
17764
17776
17779
17815
17817
17821
17865
17876
17881
17916
17918
17925
17974
17975
18025
18074
18076
18083
18093
18099
18105
18123
18170
18177
18213
18218
19182
19191
19194
19202
19207
19208
19216
19221
19223
19224
19282
19350
19352
19406
19410
19422
19453
19455
19471
19524
19531
19539
19571
19573
19586
19652
19715
19717
19773
19808
19810
19869
19876
19880
19885
19890
19895
19901
20878
20879
20887
20888
20895
20901
20906
20910
20912
20913
20980
20981
20988
21007
21009
21073
21077
21089
21096
21100
21107
21112
21114
21122
21126
21193
21200
21208
21214
21218
21224
21228
21230
21237
21239
21314
21315
21321
21336
21338
21403
21404
21412
21435
21437
21506
21512
21518
21524
21530
22501
22507
22513
22595
22601
22607
22885
22890
22895
22976
22982
22988
32521
32528
32532
32539
32540
32541
32549
32550
32551
32552
32556
32560
32563
32573
32574
32577
32580
32584
32587
32597
32598
32601
32604
32608
32611
32620
32623
32625
32626
32632
32635
32648
32654
32656
32658
32661
32664
32668
32675
32679
32687
32688
32693
32696
32698
32699
32703
32704
32713
32716
32720
32724
32727
32728
32737
32740
32744
32748
32751
32752
32761
32764
32767
32770
32772
32773
32785
32788
32795
32801
32805
32808
32810
32811
32887
32894
32895
32898
32905
32906
32915
32923
32925
32936
32941
32945
32949
32963
32969
32971
32976
32983
32990
32991
32994
33002
33008
33015
33025
33027
33037
33038
33048
33052
33059
33065
33072
33074
33152
33153
33154
33161
33162
33165
33169
33175
33177
33180
33185
33189
33190
33196
33201
33202
33205
33210
33217
33218
33220
33223
33225
33228
33238
33241
33244
33245
33320
33323
33329
33330
33333
33337
33344
33349
33353
33357
33358
33364
33371
33374
33378
33385
33386
33389
33397
33398
33406
33410
33412
33413
33488
33491
33497
33498
33501
33505
33512
33517
33521
33525
33526
33532
33539
33542
33546
33553
33554
33557
33565
33566
33574
33578
33580
33581
33656
33658
33659
33663
33669
33671
33679
33680
33684
33685
33687
33689
33695
33706
33707
33709
33711
33719
33724
33727
33732
33733
33734
33735
33743
33745
33823
33824
33825
33828
33836
33843
33848
33859
33862
33865
33872
33884
33887
33888
33889
33894
33895
33900
33901
33919
33921
33924
33926
33932
33939
33950
33961
33962
33964
33976
33983
33984
33988
33990
33991
33992
33996
33997
34087
34088
34089
34092
34112
34115
34121
34126
34127
34128
34133
34137
34147
34150
34151
34154
34157
34161
34171
34174
34175
34178
34181
34183
34184
34189
34193
34195
34200
34202
34209
34210
34228
34230
34233
34235
34256
34260
34262
34268
34269
34273
34274
34285
34292
34294
34295
34297
34298
34309
34316
34318
34319
34321
34322
34324
34330
34332
34334
34341
34342
34343
34350
34351
39208
39211
39213
39218
39219
39224
39225
39226
39230
39239
39242
39245
39254
39257
39260
39268
39270
39272
39273
39285
39287
39290
39291
39293
39337
39340
39342
39347
39348
39353
39354
39355
39359
39368
39371
39374
39383
39386
39389
39397
39399
39401
39402
39414
39416
39419
39420
39422
39575
39582
39583
39591
39597
39599
39626
39633
39636
39641
39648
39651
39676
39679
39680
39681
39686
39704
39714
39716
39720
39808
39811
39812
39813
39818
39836
39846
39848
39852
39873
39879
39881
39888
39894
39896
39903
39909
39911
39917
39922
39923
40076
40082
40084
40091
40097
40099
40172
40173
40178
40183
40186
40187
40189
40195
40199
40244
40245
40250
40255
40258
40259
40261
40267
40271
40295
40301
40303
40310
40316
40318
40538
40544
40547
40553
40559
40562
40588
40592
40597
40604
40609
40613
40618
40622
40627
40634
40639
40643
40667
40674
40676
40682
40689
40691
40892
40898
40901
40907
40913
40916
40942
40946
40951
40958
40963
40967
40972
40976
40981
40988
40993
40997
41021
41028
41030
41036
41043
41045
41212
41218
41219
41227
41233
41234
41301
41302
41304
41309
41314
41317
41318
41319
41324
41373
41374
41376
41381
41386
41389
41390
41391
41396
41423
41428
41429
41435
41440
41441
41609
41616
41617
41625
41631
41633
41657
41664
41667
41672
41679
41682
41704
41705
41707
41712
41714
41725
41736
41737
41740
41741
41744
41745
41836
41837
41839
41844
41846
41857
41868
41869
41872
41873
41876
41877
41898
41904
41906
41913
41919
41921
41928
41934
41936
41942
41947
41948
42130
42131
42133
42144
42147
42151
42152
42155
42166
42168
42170
42181
42183
42185
42187
42190
42192
42197
42198
42203
42204
42253
42254
42256
42267
42270
42274
42275
42278
42289
42291
42293
42304
42306
42308
42310
42313
42315
42320
42321
42326
42327
)
;
    flipMap         List<bool> 
928
(
1
1
1
1
1
1
1
1
1
1
0
0
0
0
0
0
0
1
1
1
0
0
0
0
1
1
1
1
0
0
0
1
1
1
1
1
0
0
0
1
1
1
1
0
0
0
0
1
1
1
0
0
0
0
1
1
1
1
0
0
0
0
0
0
0
0
1
1
0
0
1
1
1
1
1
0
1
1
1
1
1
0
1
1
0
0
1
1
0
0
1
1
1
1
1
1
1
1
1
1
1
1
1
1
0
0
0
0
1
1
0
1
0
0
0
1
0
0
0
1
1
0
1
1
0
0
0
0
0
1
1
1
1
1
1
1
0
0
0
0
0
1
0
1
1
0
1
0
0
1
0
0
0
0
0
1
1
1
1
1
1
1
1
1
0
0
0
0
0
1
0
1
1
0
1
0
0
1
0
0
0
0
0
1
1
1
1
1
1
1
1
1
0
0
0
0
0
0
1
0
0
1
1
0
0
0
0
0
1
0
0
0
0
0
0
0
1
0
0
0
0
0
0
1
1
1
1
1
1
0
0
0
0
0
0
0
0
0
1
0
0
1
1
0
0
0
1
1
1
0
0
0
1
1
0
0
1
0
0
1
1
1
1
1
1
1
1
1
0
0
0
0
0
0
0
0
1
1
0
0
0
1
1
0
0
0
0
0
0
0
1
1
1
0
0
0
0
0
0
0
1
1
1
0
0
0
1
1
0
0
0
1
1
1
1
1
1
1
1
1
1
1
1
1
1
1
1
1
1
1
1
0
1
1
0
0
1
1
0
0
0
0
0
0
0
0
0
0
0
0
0
0
0
1
0
0
1
0
0
1
0
0
1
0
1
1
1
1
1
1
0
0
1
1
0
0
0
0
0
0
0
0
0
0
0
0
0
0
0
0
1
0
0
1
0
0
1
0
1
0
0
1
1
1
1
1
0
1
0
0
0
0
0
0
0
1
0
0
0
1
1
1
1
1
0
0
0
0
0
0
0
0
1
0
0
0
0
1
1
0
0
0
0
1
0
1
0
0
0
0
1
1
0
0
0
0
0
1
0
1
0
0
0
0
0
0
0
0
0
0
0
0
0
0
0
0
0
0
0
0
0
0
0
0
0
0
0
0
0
0
0
0
0
0
0
0
0
0
0
0
0
0
0
0
0
0
0
0
0
0
0
0
0
0
0
1
0
1
0
0
0
0
0
0
0
0
0
0
1
1
0
0
0
0
0
0
0
0
0
0
1
0
1
1
0
0
0
0
0
0
0
0
0
0
0
0
0
0
1
0
0
1
1
0
0
0
0
0
0
0
0
0
0
0
0
0
0
0
1
0
0
0
1
0
0
1
0
0
0
0
0
0
0
0
0
0
0
0
0
0
0
0
0
0
0
0
0
0
0
1
0
0
0
0
1
0
1
0
0
0
0
0
0
0
0
0
0
0
0
0
0
0
0
0
0
0
0
0
0
0
1
1
1
1
1
0
1
1
0
0
0
0
0
0
0
1
0
0
1
1
0
1
0
1
1
1
1
1
1
0
1
1
0
0
0
0
0
0
0
1
0
0
1
1
0
1
0
1
1
1
1
1
1
1
0
0
0
0
0
0
1
1
1
1
1
0
1
0
0
1
1
1
1
1
0
1
0
0
0
0
0
0
0
0
0
0
0
0
0
0
1
1
1
1
1
1
1
1
0
0
1
0
1
0
0
1
1
0
0
1
0
1
0
0
0
0
0
0
0
0
0
0
0
0
0
0
0
0
0
0
0
0
0
0
0
0
0
0
0
0
0
0
0
0
0
0
0
0
0
0
0
0
0
0
0
0
0
0
0
0
0
0
0
0
0
0
0
0
1
1
1
1
1
1
0
0
1
1
0
0
0
0
0
0
0
1
1
0
0
0
0
0
0
0
0
0
0
0
1
1
1
1
1
1
0
0
0
0
0
0
0
1
0
1
1
0
0
0
0
0
0
0
0
1
0
1
1
0
0
0
0
0
0
0
0
0
0
0
0
0
0
0
0
0
0
0
0
1
0
0
1
0
1
0
0
0
0
0
0
0
0
0
0
0
0
0
0
0
1
0
0
1
0
1
0
0
0
0
0
0
0
0
0
0
0
0
0
0
)
;
}
)

// ************************************************************************* //
