/*--------------------------------*- C++ -*----------------------------------*\
| =========                 |                                                 |
| \\      /  F ield         | OpenFOAM: The Open Source CFD Toolbox           |
|  \\    /   O peration     | Version:  2506                                  |
|   \\  /    A nd           | Website:  www.openfoam.com                      |
|    \\/     M anipulation  |                                                 |
\*---------------------------------------------------------------------------*/
FoamFile
{
    version     2.0;
    format      ascii;
    arch        "LSB;label=32;scalar=64";
    note        "nPoints:1728  nCells:1331  nFaces:4356  nInternalFaces:3630";
    class       labelList;
    location    "constant/polyMesh";
    object      neighbour;
}
// * * * * * * * * * * * * * * * * * * * * * * * * * * * * * * * * * * * * * //


3630
(
1
11
121
2
12
122
3
13
123
4
14
124
5
15
125
6
16
126
7
17
127
8
18
128
9
19
129
10
20
130
21
131
12
22
132
13
23
133
14
24
134
15
25
135
16
26
136
17
27
137
18
28
138
19
29
139
20
30
140
21
31
141
32
142
23
33
143
24
34
144
25
35
145
26
36
146
27
37
147
28
38
148
29
39
149
30
40
150
31
41
151
32
42
152
43
153
34
44
154
35
45
155
36
46
156
37
47
157
38
48
158
39
49
159
40
50
160
41
51
161
42
52
162
43
53
163
54
164
45
55
165
46
56
166
47
57
167
48
58
168
49
59
169
50
60
170
51
61
171
52
62
172
53
63
173
54
64
174
65
175
56
66
176
57
67
177
58
68
178
59
69
179
60
70
180
61
71
181
62
72
182
63
73
183
64
74
184
65
75
185
76
186
67
77
187
68
78
188
69
79
189
70
80
190
71
81
191
72
82
192
73
83
193
74
84
194
75
85
195
76
86
196
87
197
78
88
198
79
89
199
80
90
200
81
91
201
82
92
202
83
93
203
84
94
204
85
95
205
86
96
206
87
97
207
98
208
89
99
209
90
100
210
91
101
211
92
102
212
93
103
213
94
104
214
95
105
215
96
106
216
97
107
217
98
108
218
109
219
100
110
220
101
111
221
102
112
222
103
113
223
104
114
224
105
115
225
106
116
226
107
117
227
108
118
228
109
119
229
120
230
111
231
112
232
113
233
114
234
115
235
116
236
117
237
118
238
119
239
120
240
241
122
132
242
123
133
243
124
134
244
125
135
245
126
136
246
127
137
247
128
138
248
129
139
249
130
140
250
131
141
251
142
252
133
143
253
134
144
254
135
145
255
136
146
256
137
147
257
138
148
258
139
149
259
140
150
260
141
151
261
142
152
262
153
263
144
154
264
145
155
265
146
156
266
147
157
267
148
158
268
149
159
269
150
160
270
151
161
271
152
162
272
153
163
273
164
274
155
165
275
156
166
276
157
167
277
158
168
278
159
169
279
160
170
280
161
171
281
162
172
282
163
173
283
164
174
284
175
285
166
176
286
167
177
287
168
178
288
169
179
289
170
180
290
171
181
291
172
182
292
173
183
293
174
184
294
175
185
295
186
296
177
187
297
178
188
298
179
189
299
180
190
300
181
191
301
182
192
302
183
193
303
184
194
304
185
195
305
186
196
306
197
307
188
198
308
189
199
309
190
200
310
191
201
311
192
202
312
193
203
313
194
204
314
195
205
315
196
206
316
197
207
317
208
318
199
209
319
200
210
320
201
211
321
202
212
322
203
213
323
204
214
324
205
215
325
206
216
326
207
217
327
208
218
328
219
329
210
220
330
211
221
331
212
222
332
213
223
333
214
224
334
215
225
335
216
226
336
217
227
337
218
228
338
219
229
339
230
340
221
231
341
222
232
342
223
233
343
224
234
344
225
235
345
226
236
346
227
237
347
228
238
348
229
239
349
230
240
350
241
351
232
352
233
353
234
354
235
355
236
356
237
357
238
358
239
359
240
360
241
361
362
243
253
363
244
254
364
245
255
365
246
256
366
247
257
367
248
258
368
249
259
369
250
260
370
251
261
371
252
262
372
263
373
254
264
374
255
265
375
256
266
376
257
267
377
258
268
378
259
269
379
260
270
380
261
271
381
262
272
382
263
273
383
274
384
265
275
385
266
276
386
267
277
387
268
278
388
269
279
389
270
280
390
271
281
391
272
282
392
273
283
393
274
284
394
285
395
276
286
396
277
287
397
278
288
398
279
289
399
280
290
400
281
291
401
282
292
402
283
293
403
284
294
404
285
295
405
296
406
287
297
407
288
298
408
289
299
409
290
300
410
291
301
411
292
302
412
293
303
413
294
304
414
295
305
415
296
306
416
307
417
298
308
418
299
309
419
300
310
420
301
311
421
302
312
422
303
313
423
304
314
424
305
315
425
306
316
426
307
317
427
318
428
309
319
429
310
320
430
311
321
431
312
322
432
313
323
433
314
324
434
315
325
435
316
326
436
317
327
437
318
328
438
329
439
320
330
440
321
331
441
322
332
442
323
333
443
324
334
444
325
335
445
326
336
446
327
337
447
328
338
448
329
339
449
340
450
331
341
451
332
342
452
333
343
453
334
344
454
335
345
455
336
346
456
337
347
457
338
348
458
339
349
459
340
350
460
351
461
342
352
462
343
353
463
344
354
464
345
355
465
346
356
466
347
357
467
348
358
468
349
359
469
350
360
470
351
361
471
362
472
353
473
354
474
355
475
356
476
357
477
358
478
359
479
360
480
361
481
362
482
483
364
374
484
365
375
485
366
376
486
367
377
487
368
378
488
369
379
489
370
380
490
371
381
491
372
382
492
373
383
493
384
494
375
385
495
376
386
496
377
387
497
378
388
498
379
389
499
380
390
500
381
391
501
382
392
502
383
393
503
384
394
504
395
505
386
396
506
387
397
507
388
398
508
389
399
509
390
400
510
391
401
511
392
402
512
393
403
513
394
404
514
395
405
515
406
516
397
407
517
398
408
518
399
409
519
400
410
520
401
411
521
402
412
522
403
413
523
404
414
524
405
415
525
406
416
526
417
527
408
418
528
409
419
529
410
420
530
411
421
531
412
422
532
413
423
533
414
424
534
415
425
535
416
426
536
417
427
537
428
538
419
429
539
420
430
540
421
431
541
422
432
542
423
433
543
424
434
544
425
435
545
426
436
546
427
437
547
428
438
548
439
549
430
440
550
431
441
551
432
442
552
433
443
553
434
444
554
435
445
555
436
446
556
437
447
557
438
448
558
439
449
559
450
560
441
451
561
442
452
562
443
453
563
444
454
564
445
455
565
446
456
566
447
457
567
448
458
568
449
459
569
450
460
570
461
571
452
462
572
453
463
573
454
464
574
455
465
575
456
466
576
457
467
577
458
468
578
459
469
579
460
470
580
461
471
581
472
582
463
473
583
464
474
584
465
475
585
466
476
586
467
477
587
468
478
588
469
479
589
470
480
590
471
481
591
472
482
592
483
593
474
594
475
595
476
596
477
597
478
598
479
599
480
600
481
601
482
602
483
603
604
485
495
605
486
496
606
487
497
607
488
498
608
489
499
609
490
500
610
491
501
611
492
502
612
493
503
613
494
504
614
505
615
496
506
616
497
507
617
498
508
618
499
509
619
500
510
620
501
511
621
502
512
622
503
513
623
504
514
624
505
515
625
516
626
507
517
627
508
518
628
509
519
629
510
520
630
511
521
631
512
522
632
513
523
633
514
524
634
515
525
635
516
526
636
527
637
518
528
638
519
529
639
520
530
640
521
531
641
522
532
642
523
533
643
524
534
644
525
535
645
526
536
646
527
537
647
538
648
529
539
649
530
540
650
531
541
651
532
542
652
533
543
653
534
544
654
535
545
655
536
546
656
537
547
657
538
548
658
549
659
540
550
660
541
551
661
542
552
662
543
553
663
544
554
664
545
555
665
546
556
666
547
557
667
548
558
668
549
559
669
560
670
551
561
671
552
562
672
553
563
673
554
564
674
555
565
675
556
566
676
557
567
677
558
568
678
559
569
679
560
570
680
571
681
562
572
682
563
573
683
564
574
684
565
575
685
566
576
686
567
577
687
568
578
688
569
579
689
570
580
690
571
581
691
582
692
573
583
693
574
584
694
575
585
695
576
586
696
577
587
697
578
588
698
579
589
699
580
590
700
581
591
701
582
592
702
593
703
584
594
704
585
595
705
586
596
706
587
597
707
588
598
708
589
599
709
590
600
710
591
601
711
592
602
712
593
603
713
604
714
595
715
596
716
597
717
598
718
599
719
600
720
601
721
602
722
603
723
604
724
725
606
616
726
607
617
727
608
618
728
609
619
729
610
620
730
611
621
731
612
622
732
613
623
733
614
624
734
615
625
735
626
736
617
627
737
618
628
738
619
629
739
620
630
740
621
631
741
622
632
742
623
633
743
624
634
744
625
635
745
626
636
746
637
747
628
638
748
629
639
749
630
640
750
631
641
751
632
642
752
633
643
753
634
644
754
635
645
755
636
646
756
637
647
757
648
758
639
649
759
640
650
760
641
651
761
642
652
762
643
653
763
644
654
764
645
655
765
646
656
766
647
657
767
648
658
768
659
769
650
660
770
651
661
771
652
662
772
653
663
773
654
664
774
655
665
775
656
666
776
657
667
777
658
668
778
659
669
779
670
780
661
671
781
662
672
782
663
673
783
664
674
784
665
675
785
666
676
786
667
677
787
668
678
788
669
679
789
670
680
790
681
791
672
682
792
673
683
793
674
684
794
675
685
795
676
686
796
677
687
797
678
688
798
679
689
799
680
690
800
681
691
801
692
802
683
693
803
684
694
804
685
695
805
686
696
806
687
697
807
688
698
808
689
699
809
690
700
810
691
701
811
692
702
812
703
813
694
704
814
695
705
815
696
706
816
697
707
817
698
708
818
699
709
819
700
710
820
701
711
821
702
712
822
703
713
823
714
824
705
715
825
706
716
826
707
717
827
708
718
828
709
719
829
710
720
830
711
721
831
712
722
832
713
723
833
714
724
834
725
835
716
836
717
837
718
838
719
839
720
840
721
841
722
842
723
843
724
844
725
845
846
727
737
847
728
738
848
729
739
849
730
740
850
731
741
851
732
742
852
733
743
853
734
744
854
735
745
855
736
746
856
747
857
738
748
858
739
749
859
740
750
860
741
751
861
742
752
862
743
753
863
744
754
864
745
755
865
746
756
866
747
757
867
758
868
749
759
869
750
760
870
751
761
871
752
762
872
753
763
873
754
764
874
755
765
875
756
766
876
757
767
877
758
768
878
769
879
760
770
880
761
771
881
762
772
882
763
773
883
764
774
884
765
775
885
766
776
886
767
777
887
768
778
888
769
779
889
780
890
771
781
891
772
782
892
773
783
893
774
784
894
775
785
895
776
786
896
777
787
897
778
788
898
779
789
899
780
790
900
791
901
782
792
902
783
793
903
784
794
904
785
795
905
786
796
906
787
797
907
788
798
908
789
799
909
790
800
910
791
801
911
802
912
793
803
913
794
804
914
795
805
915
796
806
916
797
807
917
798
808
918
799
809
919
800
810
920
801
811
921
802
812
922
813
923
804
814
924
805
815
925
806
816
926
807
817
927
808
818
928
809
819
929
810
820
930
811
821
931
812
822
932
813
823
933
824
934
815
825
935
816
826
936
817
827
937
818
828
938
819
829
939
820
830
940
821
831
941
822
832
942
823
833
943
824
834
944
835
945
826
836
946
827
837
947
828
838
948
829
839
949
830
840
950
831
841
951
832
842
952
833
843
953
834
844
954
835
845
955
846
956
837
957
838
958
839
959
840
960
841
961
842
962
843
963
844
964
845
965
846
966
967
848
858
968
849
859
969
850
860
970
851
861
971
852
862
972
853
863
973
854
864
974
855
865
975
856
866
976
857
867
977
868
978
859
869
979
860
870
980
861
871
981
862
872
982
863
873
983
864
874
984
865
875
985
866
876
986
867
877
987
868
878
988
879
989
870
880
990
871
881
991
872
882
992
873
883
993
874
884
994
875
885
995
876
886
996
877
887
997
878
888
998
879
889
999
890
1000
881
891
1001
882
892
1002
883
893
1003
884
894
1004
885
895
1005
886
896
1006
887
897
1007
888
898
1008
889
899
1009
890
900
1010
901
1011
892
902
1012
893
903
1013
894
904
1014
895
905
1015
896
906
1016
897
907
1017
898
908
1018
899
909
1019
900
910
1020
901
911
1021
912
1022
903
913
1023
904
914
1024
905
915
1025
906
916
1026
907
917
1027
908
918
1028
909
919
1029
910
920
1030
911
921
1031
912
922
1032
923
1033
914
924
1034
915
925
1035
916
926
1036
917
927
1037
918
928
1038
919
929
1039
920
930
1040
921
931
1041
922
932
1042
923
933
1043
934
1044
925
935
1045
926
936
1046
927
937
1047
928
938
1048
929
939
1049
930
940
1050
931
941
1051
932
942
1052
933
943
1053
934
944
1054
945
1055
936
946
1056
937
947
1057
938
948
1058
939
949
1059
940
950
1060
941
951
1061
942
952
1062
943
953
1063
944
954
1064
945
955
1065
956
1066
947
957
1067
948
958
1068
949
959
1069
950
960
1070
951
961
1071
952
962
1072
953
963
1073
954
964
1074
955
965
1075
956
966
1076
967
1077
958
1078
959
1079
960
1080
961
1081
962
1082
963
1083
964
1084
965
1085
966
1086
967
1087
1088
969
979
1089
970
980
1090
971
981
1091
972
982
1092
973
983
1093
974
984
1094
975
985
1095
976
986
1096
977
987
1097
978
988
1098
989
1099
980
990
1100
981
991
1101
982
992
1102
983
993
1103
984
994
1104
985
995
1105
986
996
1106
987
997
1107
988
998
1108
989
999
1109
1000
1110
991
1001
1111
992
1002
1112
993
1003
1113
994
1004
1114
995
1005
1115
996
1006
1116
997
1007
1117
998
1008
1118
999
1009
1119
1000
1010
1120
1011
1121
1002
1012
1122
1003
1013
1123
1004
1014
1124
1005
1015
1125
1006
1016
1126
1007
1017
1127
1008
1018
1128
1009
1019
1129
1010
1020
1130
1011
1021
1131
1022
1132
1013
1023
1133
1014
1024
1134
1015
1025
1135
1016
1026
1136
1017
1027
1137
1018
1028
1138
1019
1029
1139
1020
1030
1140
1021
1031
1141
1022
1032
1142
1033
1143
1024
1034
1144
1025
1035
1145
1026
1036
1146
1027
1037
1147
1028
1038
1148
1029
1039
1149
1030
1040
1150
1031
1041
1151
1032
1042
1152
1033
1043
1153
1044
1154
1035
1045
1155
1036
1046
1156
1037
1047
1157
1038
1048
1158
1039
1049
1159
1040
1050
1160
1041
1051
1161
1042
1052
1162
1043
1053
1163
1044
1054
1164
1055
1165
1046
1056
1166
1047
1057
1167
1048
1058
1168
1049
1059
1169
1050
1060
1170
1051
1061
1171
1052
1062
1172
1053
1063
1173
1054
1064
1174
1055
1065
1175
1066
1176
1057
1067
1177
1058
1068
1178
1059
1069
1179
1060
1070
1180
1061
1071
1181
1062
1072
1182
1063
1073
1183
1064
1074
1184
1065
1075
1185
1066
1076
1186
1077
1187
1068
1078
1188
1069
1079
1189
1070
1080
1190
1071
1081
1191
1072
1082
1192
1073
1083
1193
1074
1084
1194
1075
1085
1195
1076
1086
1196
1077
1087
1197
1088
1198
1079
1199
1080
1200
1081
1201
1082
1202
1083
1203
1084
1204
1085
1205
1086
1206
1087
1207
1088
1208
1209
1090
1100
1210
1091
1101
1211
1092
1102
1212
1093
1103
1213
1094
1104
1214
1095
1105
1215
1096
1106
1216
1097
1107
1217
1098
1108
1218
1099
1109
1219
1110
1220
1101
1111
1221
1102
1112
1222
1103
1113
1223
1104
1114
1224
1105
1115
1225
1106
1116
1226
1107
1117
1227
1108
1118
1228
1109
1119
1229
1110
1120
1230
1121
1231
1112
1122
1232
1113
1123
1233
1114
1124
1234
1115
1125
1235
1116
1126
1236
1117
1127
1237
1118
1128
1238
1119
1129
1239
1120
1130
1240
1121
1131
1241
1132
1242
1123
1133
1243
1124
1134
1244
1125
1135
1245
1126
1136
1246
1127
1137
1247
1128
1138
1248
1129
1139
1249
1130
1140
1250
1131
1141
1251
1132
1142
1252
1143
1253
1134
1144
1254
1135
1145
1255
1136
1146
1256
1137
1147
1257
1138
1148
1258
1139
1149
1259
1140
1150
1260
1141
1151
1261
1142
1152
1262
1143
1153
1263
1154
1264
1145
1155
1265
1146
1156
1266
1147
1157
1267
1148
1158
1268
1149
1159
1269
1150
1160
1270
1151
1161
1271
1152
1162
1272
1153
1163
1273
1154
1164
1274
1165
1275
1156
1166
1276
1157
1167
1277
1158
1168
1278
1159
1169
1279
1160
1170
1280
1161
1171
1281
1162
1172
1282
1163
1173
1283
1164
1174
1284
1165
1175
1285
1176
1286
1167
1177
1287
1168
1178
1288
1169
1179
1289
1170
1180
1290
1171
1181
1291
1172
1182
1292
1173
1183
1293
1174
1184
1294
1175
1185
1295
1176
1186
1296
1187
1297
1178
1188
1298
1179
1189
1299
1180
1190
1300
1181
1191
1301
1182
1192
1302
1183
1193
1303
1184
1194
1304
1185
1195
1305
1186
1196
1306
1187
1197
1307
1198
1308
1189
1199
1309
1190
1200
1310
1191
1201
1311
1192
1202
1312
1193
1203
1313
1194
1204
1314
1195
1205
1315
1196
1206
1316
1197
1207
1317
1198
1208
1318
1209
1319
1200
1320
1201
1321
1202
1322
1203
1323
1204
1324
1205
1325
1206
1326
1207
1327
1208
1328
1209
1329
1330
1211
1221
1212
1222
1213
1223
1214
1224
1215
1225
1216
1226
1217
1227
1218
1228
1219
1229
1220
1230
1231
1222
1232
1223
1233
1224
1234
1225
1235
1226
1236
1227
1237
1228
1238
1229
1239
1230
1240
1231
1241
1242
1233
1243
1234
1244
1235
1245
1236
1246
1237
1247
1238
1248
1239
1249
1240
1250
1241
1251
1242
1252
1253
1244
1254
1245
1255
1246
1256
1247
1257
1248
1258
1249
1259
1250
1260
1251
1261
1252
1262
1253
1263
1264
1255
1265
1256
1266
1257
1267
1258
1268
1259
1269
1260
1270
1261
1271
1262
1272
1263
1273
1264
1274
1275
1266
1276
1267
1277
1268
1278
1269
1279
1270
1280
1271
1281
1272
1282
1273
1283
1274
1284
1275
1285
1286
1277
1287
1278
1288
1279
1289
1280
1290
1281
1291
1282
1292
1283
1293
1284
1294
1285
1295
1286
1296
1297
1288
1298
1289
1299
1290
1300
1291
1301
1292
1302
1293
1303
1294
1304
1295
1305
1296
1306
1297
1307
1308
1299
1309
1300
1310
1301
1311
1302
1312
1303
1313
1304
1314
1305
1315
1306
1316
1307
1317
1308
1318
1319
1310
1320
1311
1321
1312
1322
1313
1323
1314
1324
1315
1325
1316
1326
1317
1327
1318
1328
1319
1329
1330
1321
1322
1323
1324
1325
1326
1327
1328
1329
1330
)


// ************************************************************************* //
