/*--------------------------------*- C++ -*----------------------------------*\
| =========                 |                                                 |
| \\      /  F ield         | OpenFOAM: The Open Source CFD Toolbox           |
|  \\    /   O peration     | Version:  2506                                  |
|   \\  /    A nd           | Website:  www.openfoam.com                      |
|    \\/     M anipulation  |                                                 |
\*---------------------------------------------------------------------------*/
FoamFile
{
    version     2.0;
    format      ascii;
    arch        "LSB;label=32;scalar=64";
    note        "nPoints:1728  nCells:1331  nFaces:4356  nInternalFaces:3630";
    class       labelList;
    location    "constant/polyMesh";
    object      owner;
}
// * * * * * * * * * * * * * * * * * * * * * * * * * * * * * * * * * * * * * //


4356
(
0
0
0
1
1
1
2
2
2
3
3
3
4
4
4
5
5
5
6
6
6
7
7
7
8
8
8
9
9
9
10
10
11
11
11
12
12
12
13
13
13
14
14
14
15
15
15
16
16
16
17
17
17
18
18
18
19
19
19
20
20
20
21
21
22
22
22
23
23
23
24
24
24
25
25
25
26
26
26
27
27
27
28
28
28
29
29
29
30
30
30
31
31
31
32
32
33
33
33
34
34
34
35
35
35
36
36
36
37
37
37
38
38
38
39
39
39
40
40
40
41
41
41
42
42
42
43
43
44
44
44
45
45
45
46
46
46
47
47
47
48
48
48
49
49
49
50
50
50
51
51
51
52
52
52
53
53
53
54
54
55
55
55
56
56
56
57
57
57
58
58
58
59
59
59
60
60
60
61
61
61
62
62
62
63
63
63
64
64
64
65
65
66
66
66
67
67
67
68
68
68
69
69
69
70
70
70
71
71
71
72
72
72
73
73
73
74
74
74
75
75
75
76
76
77
77
77
78
78
78
79
79
79
80
80
80
81
81
81
82
82
82
83
83
83
84
84
84
85
85
85
86
86
86
87
87
88
88
88
89
89
89
90
90
90
91
91
91
92
92
92
93
93
93
94
94
94
95
95
95
96
96
96
97
97
97
98
98
99
99
99
100
100
100
101
101
101
102
102
102
103
103
103
104
104
104
105
105
105
106
106
106
107
107
107
108
108
108
109
109
110
110
111
111
112
112
113
113
114
114
115
115
116
116
117
117
118
118
119
119
120
121
121
121
122
122
122
123
123
123
124
124
124
125
125
125
126
126
126
127
127
127
128
128
128
129
129
129
130
130
130
131
131
132
132
132
133
133
133
134
134
134
135
135
135
136
136
136
137
137
137
138
138
138
139
139
139
140
140
140
141
141
141
142
142
143
143
143
144
144
144
145
145
145
146
146
146
147
147
147
148
148
148
149
149
149
150
150
150
151
151
151
152
152
152
153
153
154
154
154
155
155
155
156
156
156
157
157
157
158
158
158
159
159
159
160
160
160
161
161
161
162
162
162
163
163
163
164
164
165
165
165
166
166
166
167
167
167
168
168
168
169
169
169
170
170
170
171
171
171
172
172
172
173
173
173
174
174
174
175
175
176
176
176
177
177
177
178
178
178
179
179
179
180
180
180
181
181
181
182
182
182
183
183
183
184
184
184
185
185
185
186
186
187
187
187
188
188
188
189
189
189
190
190
190
191
191
191
192
192
192
193
193
193
194
194
194
195
195
195
196
196
196
197
197
198
198
198
199
199
199
200
200
200
201
201
201
202
202
202
203
203
203
204
204
204
205
205
205
206
206
206
207
207
207
208
208
209
209
209
210
210
210
211
211
211
212
212
212
213
213
213
214
214
214
215
215
215
216
216
216
217
217
217
218
218
218
219
219
220
220
220
221
221
221
222
222
222
223
223
223
224
224
224
225
225
225
226
226
226
227
227
227
228
228
228
229
229
229
230
230
231
231
232
232
233
233
234
234
235
235
236
236
237
237
238
238
239
239
240
240
241
242
242
242
243
243
243
244
244
244
245
245
245
246
246
246
247
247
247
248
248
248
249
249
249
250
250
250
251
251
251
252
252
253
253
253
254
254
254
255
255
255
256
256
256
257
257
257
258
258
258
259
259
259
260
260
260
261
261
261
262
262
262
263
263
264
264
264
265
265
265
266
266
266
267
267
267
268
268
268
269
269
269
270
270
270
271
271
271
272
272
272
273
273
273
274
274
275
275
275
276
276
276
277
277
277
278
278
278
279
279
279
280
280
280
281
281
281
282
282
282
283
283
283
284
284
284
285
285
286
286
286
287
287
287
288
288
288
289
289
289
290
290
290
291
291
291
292
292
292
293
293
293
294
294
294
295
295
295
296
296
297
297
297
298
298
298
299
299
299
300
300
300
301
301
301
302
302
302
303
303
303
304
304
304
305
305
305
306
306
306
307
307
308
308
308
309
309
309
310
310
310
311
311
311
312
312
312
313
313
313
314
314
314
315
315
315
316
316
316
317
317
317
318
318
319
319
319
320
320
320
321
321
321
322
322
322
323
323
323
324
324
324
325
325
325
326
326
326
327
327
327
328
328
328
329
329
330
330
330
331
331
331
332
332
332
333
333
333
334
334
334
335
335
335
336
336
336
337
337
337
338
338
338
339
339
339
340
340
341
341
341
342
342
342
343
343
343
344
344
344
345
345
345
346
346
346
347
347
347
348
348
348
349
349
349
350
350
350
351
351
352
352
353
353
354
354
355
355
356
356
357
357
358
358
359
359
360
360
361
361
362
363
363
363
364
364
364
365
365
365
366
366
366
367
367
367
368
368
368
369
369
369
370
370
370
371
371
371
372
372
372
373
373
374
374
374
375
375
375
376
376
376
377
377
377
378
378
378
379
379
379
380
380
380
381
381
381
382
382
382
383
383
383
384
384
385
385
385
386
386
386
387
387
387
388
388
388
389
389
389
390
390
390
391
391
391
392
392
392
393
393
393
394
394
394
395
395
396
396
396
397
397
397
398
398
398
399
399
399
400
400
400
401
401
401
402
402
402
403
403
403
404
404
404
405
405
405
406
406
407
407
407
408
408
408
409
409
409
410
410
410
411
411
411
412
412
412
413
413
413
414
414
414
415
415
415
416
416
416
417
417
418
418
418
419
419
419
420
420
420
421
421
421
422
422
422
423
423
423
424
424
424
425
425
425
426
426
426
427
427
427
428
428
429
429
429
430
430
430
431
431
431
432
432
432
433
433
433
434
434
434
435
435
435
436
436
436
437
437
437
438
438
438
439
439
440
440
440
441
441
441
442
442
442
443
443
443
444
444
444
445
445
445
446
446
446
447
447
447
448
448
448
449
449
449
450
450
451
451
451
452
452
452
453
453
453
454
454
454
455
455
455
456
456
456
457
457
457
458
458
458
459
459
459
460
460
460
461
461
462
462
462
463
463
463
464
464
464
465
465
465
466
466
466
467
467
467
468
468
468
469
469
469
470
470
470
471
471
471
472
472
473
473
474
474
475
475
476
476
477
477
478
478
479
479
480
480
481
481
482
482
483
484
484
484
485
485
485
486
486
486
487
487
487
488
488
488
489
489
489
490
490
490
491
491
491
492
492
492
493
493
493
494
494
495
495
495
496
496
496
497
497
497
498
498
498
499
499
499
500
500
500
501
501
501
502
502
502
503
503
503
504
504
504
505
505
506
506
506
507
507
507
508
508
508
509
509
509
510
510
510
511
511
511
512
512
512
513
513
513
514
514
514
515
515
515
516
516
517
517
517
518
518
518
519
519
519
520
520
520
521
521
521
522
522
522
523
523
523
524
524
524
525
525
525
526
526
526
527
527
528
528
528
529
529
529
530
530
530
531
531
531
532
532
532
533
533
533
534
534
534
535
535
535
536
536
536
537
537
537
538
538
539
539
539
540
540
540
541
541
541
542
542
542
543
543
543
544
544
544
545
545
545
546
546
546
547
547
547
548
548
548
549
549
550
550
550
551
551
551
552
552
552
553
553
553
554
554
554
555
555
555
556
556
556
557
557
557
558
558
558
559
559
559
560
560
561
561
561
562
562
562
563
563
563
564
564
564
565
565
565
566
566
566
567
567
567
568
568
568
569
569
569
570
570
570
571
571
572
572
572
573
573
573
574
574
574
575
575
575
576
576
576
577
577
577
578
578
578
579
579
579
580
580
580
581
581
581
582
582
583
583
583
584
584
584
585
585
585
586
586
586
587
587
587
588
588
588
589
589
589
590
590
590
591
591
591
592
592
592
593
593
594
594
595
595
596
596
597
597
598
598
599
599
600
600
601
601
602
602
603
603
604
605
605
605
606
606
606
607
607
607
608
608
608
609
609
609
610
610
610
611
611
611
612
612
612
613
613
613
614
614
614
615
615
616
616
616
617
617
617
618
618
618
619
619
619
620
620
620
621
621
621
622
622
622
623
623
623
624
624
624
625
625
625
626
626
627
627
627
628
628
628
629
629
629
630
630
630
631
631
631
632
632
632
633
633
633
634
634
634
635
635
635
636
636
636
637
637
638
638
638
639
639
639
640
640
640
641
641
641
642
642
642
643
643
643
644
644
644
645
645
645
646
646
646
647
647
647
648
648
649
649
649
650
650
650
651
651
651
652
652
652
653
653
653
654
654
654
655
655
655
656
656
656
657
657
657
658
658
658
659
659
660
660
660
661
661
661
662
662
662
663
663
663
664
664
664
665
665
665
666
666
666
667
667
667
668
668
668
669
669
669
670
670
671
671
671
672
672
672
673
673
673
674
674
674
675
675
675
676
676
676
677
677
677
678
678
678
679
679
679
680
680
680
681
681
682
682
682
683
683
683
684
684
684
685
685
685
686
686
686
687
687
687
688
688
688
689
689
689
690
690
690
691
691
691
692
692
693
693
693
694
694
694
695
695
695
696
696
696
697
697
697
698
698
698
699
699
699
700
700
700
701
701
701
702
702
702
703
703
704
704
704
705
705
705
706
706
706
707
707
707
708
708
708
709
709
709
710
710
710
711
711
711
712
712
712
713
713
713
714
714
715
715
716
716
717
717
718
718
719
719
720
720
721
721
722
722
723
723
724
724
725
726
726
726
727
727
727
728
728
728
729
729
729
730
730
730
731
731
731
732
732
732
733
733
733
734
734
734
735
735
735
736
736
737
737
737
738
738
738
739
739
739
740
740
740
741
741
741
742
742
742
743
743
743
744
744
744
745
745
745
746
746
746
747
747
748
748
748
749
749
749
750
750
750
751
751
751
752
752
752
753
753
753
754
754
754
755
755
755
756
756
756
757
757
757
758
758
759
759
759
760
760
760
761
761
761
762
762
762
763
763
763
764
764
764
765
765
765
766
766
766
767
767
767
768
768
768
769
769
770
770
770
771
771
771
772
772
772
773
773
773
774
774
774
775
775
775
776
776
776
777
777
777
778
778
778
779
779
779
780
780
781
781
781
782
782
782
783
783
783
784
784
784
785
785
785
786
786
786
787
787
787
788
788
788
789
789
789
790
790
790
791
791
792
792
792
793
793
793
794
794
794
795
795
795
796
796
796
797
797
797
798
798
798
799
799
799
800
800
800
801
801
801
802
802
803
803
803
804
804
804
805
805
805
806
806
806
807
807
807
808
808
808
809
809
809
810
810
810
811
811
811
812
812
812
813
813
814
814
814
815
815
815
816
816
816
817
817
817
818
818
818
819
819
819
820
820
820
821
821
821
822
822
822
823
823
823
824
824
825
825
825
826
826
826
827
827
827
828
828
828
829
829
829
830
830
830
831
831
831
832
832
832
833
833
833
834
834
834
835
835
836
836
837
837
838
838
839
839
840
840
841
841
842
842
843
843
844
844
845
845
846
847
847
847
848
848
848
849
849
849
850
850
850
851
851
851
852
852
852
853
853
853
854
854
854
855
855
855
856
856
856
857
857
858
858
858
859
859
859
860
860
860
861
861
861
862
862
862
863
863
863
864
864
864
865
865
865
866
866
866
867
867
867
868
868
869
869
869
870
870
870
871
871
871
872
872
872
873
873
873
874
874
874
875
875
875
876
876
876
877
877
877
878
878
878
879
879
880
880
880
881
881
881
882
882
882
883
883
883
884
884
884
885
885
885
886
886
886
887
887
887
888
888
888
889
889
889
890
890
891
891
891
892
892
892
893
893
893
894
894
894
895
895
895
896
896
896
897
897
897
898
898
898
899
899
899
900
900
900
901
901
902
902
902
903
903
903
904
904
904
905
905
905
906
906
906
907
907
907
908
908
908
909
909
909
910
910
910
911
911
911
912
912
913
913
913
914
914
914
915
915
915
916
916
916
917
917
917
918
918
918
919
919
919
920
920
920
921
921
921
922
922
922
923
923
924
924
924
925
925
925
926
926
926
927
927
927
928
928
928
929
929
929
930
930
930
931
931
931
932
932
932
933
933
933
934
934
935
935
935
936
936
936
937
937
937
938
938
938
939
939
939
940
940
940
941
941
941
942
942
942
943
943
943
944
944
944
945
945
946
946
946
947
947
947
948
948
948
949
949
949
950
950
950
951
951
951
952
952
952
953
953
953
954
954
954
955
955
955
956
956
957
957
958
958
959
959
960
960
961
961
962
962
963
963
964
964
965
965
966
966
967
968
968
968
969
969
969
970
970
970
971
971
971
972
972
972
973
973
973
974
974
974
975
975
975
976
976
976
977
977
977
978
978
979
979
979
980
980
980
981
981
981
982
982
982
983
983
983
984
984
984
985
985
985
986
986
986
987
987
987
988
988
988
989
989
990
990
990
991
991
991
992
992
992
993
993
993
994
994
994
995
995
995
996
996
996
997
997
997
998
998
998
999
999
999
1000
1000
1001
1001
1001
1002
1002
1002
1003
1003
1003
1004
1004
1004
1005
1005
1005
1006
1006
1006
1007
1007
1007
1008
1008
1008
1009
1009
1009
1010
1010
1010
1011
1011
1012
1012
1012
1013
1013
1013
1014
1014
1014
1015
1015
1015
1016
1016
1016
1017
1017
1017
1018
1018
1018
1019
1019
1019
1020
1020
1020
1021
1021
1021
1022
1022
1023
1023
1023
1024
1024
1024
1025
1025
1025
1026
1026
1026
1027
1027
1027
1028
1028
1028
1029
1029
1029
1030
1030
1030
1031
1031
1031
1032
1032
1032
1033
1033
1034
1034
1034
1035
1035
1035
1036
1036
1036
1037
1037
1037
1038
1038
1038
1039
1039
1039
1040
1040
1040
1041
1041
1041
1042
1042
1042
1043
1043
1043
1044
1044
1045
1045
1045
1046
1046
1046
1047
1047
1047
1048
1048
1048
1049
1049
1049
1050
1050
1050
1051
1051
1051
1052
1052
1052
1053
1053
1053
1054
1054
1054
1055
1055
1056
1056
1056
1057
1057
1057
1058
1058
1058
1059
1059
1059
1060
1060
1060
1061
1061
1061
1062
1062
1062
1063
1063
1063
1064
1064
1064
1065
1065
1065
1066
1066
1067
1067
1067
1068
1068
1068
1069
1069
1069
1070
1070
1070
1071
1071
1071
1072
1072
1072
1073
1073
1073
1074
1074
1074
1075
1075
1075
1076
1076
1076
1077
1077
1078
1078
1079
1079
1080
1080
1081
1081
1082
1082
1083
1083
1084
1084
1085
1085
1086
1086
1087
1087
1088
1089
1089
1089
1090
1090
1090
1091
1091
1091
1092
1092
1092
1093
1093
1093
1094
1094
1094
1095
1095
1095
1096
1096
1096
1097
1097
1097
1098
1098
1098
1099
1099
1100
1100
1100
1101
1101
1101
1102
1102
1102
1103
1103
1103
1104
1104
1104
1105
1105
1105
1106
1106
1106
1107
1107
1107
1108
1108
1108
1109
1109
1109
1110
1110
1111
1111
1111
1112
1112
1112
1113
1113
1113
1114
1114
1114
1115
1115
1115
1116
1116
1116
1117
1117
1117
1118
1118
1118
1119
1119
1119
1120
1120
1120
1121
1121
1122
1122
1122
1123
1123
1123
1124
1124
1124
1125
1125
1125
1126
1126
1126
1127
1127
1127
1128
1128
1128
1129
1129
1129
1130
1130
1130
1131
1131
1131
1132
1132
1133
1133
1133
1134
1134
1134
1135
1135
1135
1136
1136
1136
1137
1137
1137
1138
1138
1138
1139
1139
1139
1140
1140
1140
1141
1141
1141
1142
1142
1142
1143
1143
1144
1144
1144
1145
1145
1145
1146
1146
1146
1147
1147
1147
1148
1148
1148
1149
1149
1149
1150
1150
1150
1151
1151
1151
1152
1152
1152
1153
1153
1153
1154
1154
1155
1155
1155
1156
1156
1156
1157
1157
1157
1158
1158
1158
1159
1159
1159
1160
1160
1160
1161
1161
1161
1162
1162
1162
1163
1163
1163
1164
1164
1164
1165
1165
1166
1166
1166
1167
1167
1167
1168
1168
1168
1169
1169
1169
1170
1170
1170
1171
1171
1171
1172
1172
1172
1173
1173
1173
1174
1174
1174
1175
1175
1175
1176
1176
1177
1177
1177
1178
1178
1178
1179
1179
1179
1180
1180
1180
1181
1181
1181
1182
1182
1182
1183
1183
1183
1184
1184
1184
1185
1185
1185
1186
1186
1186
1187
1187
1188
1188
1188
1189
1189
1189
1190
1190
1190
1191
1191
1191
1192
1192
1192
1193
1193
1193
1194
1194
1194
1195
1195
1195
1196
1196
1196
1197
1197
1197
1198
1198
1199
1199
1200
1200
1201
1201
1202
1202
1203
1203
1204
1204
1205
1205
1206
1206
1207
1207
1208
1208
1209
1210
1210
1211
1211
1212
1212
1213
1213
1214
1214
1215
1215
1216
1216
1217
1217
1218
1218
1219
1219
1220
1221
1221
1222
1222
1223
1223
1224
1224
1225
1225
1226
1226
1227
1227
1228
1228
1229
1229
1230
1230
1231
1232
1232
1233
1233
1234
1234
1235
1235
1236
1236
1237
1237
1238
1238
1239
1239
1240
1240
1241
1241
1242
1243
1243
1244
1244
1245
1245
1246
1246
1247
1247
1248
1248
1249
1249
1250
1250
1251
1251
1252
1252
1253
1254
1254
1255
1255
1256
1256
1257
1257
1258
1258
1259
1259
1260
1260
1261
1261
1262
1262
1263
1263
1264
1265
1265
1266
1266
1267
1267
1268
1268
1269
1269
1270
1270
1271
1271
1272
1272
1273
1273
1274
1274
1275
1276
1276
1277
1277
1278
1278
1279
1279
1280
1280
1281
1281
1282
1282
1283
1283
1284
1284
1285
1285
1286
1287
1287
1288
1288
1289
1289
1290
1290
1291
1291
1292
1292
1293
1293
1294
1294
1295
1295
1296
1296
1297
1298
1298
1299
1299
1300
1300
1301
1301
1302
1302
1303
1303
1304
1304
1305
1305
1306
1306
1307
1307
1308
1309
1309
1310
1310
1311
1311
1312
1312
1313
1313
1314
1314
1315
1315
1316
1316
1317
1317
1318
1318
1319
1320
1321
1322
1323
1324
1325
1326
1327
1328
1329
0
11
22
33
44
55
66
77
88
99
110
121
132
143
154
165
176
187
198
209
220
231
242
253
264
275
286
297
308
319
330
341
352
363
374
385
396
407
418
429
440
451
462
473
484
495
506
517
528
539
550
561
572
583
594
605
616
627
638
649
660
671
682
693
704
715
726
737
748
759
770
781
792
803
814
825
836
847
858
869
880
891
902
913
924
935
946
957
968
979
990
1001
1012
1023
1034
1045
1056
1067
1078
1089
1100
1111
1122
1133
1144
1155
1166
1177
1188
1199
1210
1221
1232
1243
1254
1265
1276
1287
1298
1309
1320
10
21
32
43
54
65
76
87
98
109
120
131
142
153
164
175
186
197
208
219
230
241
252
263
274
285
296
307
318
329
340
351
362
373
384
395
406
417
428
439
450
461
472
483
494
505
516
527
538
549
560
571
582
593
604
615
626
637
648
659
670
681
692
703
714
725
736
747
758
769
780
791
802
813
824
835
846
857
868
879
890
901
912
923
934
945
956
967
978
989
1000
1011
1022
1033
1044
1055
1066
1077
1088
1099
1110
1121
1132
1143
1154
1165
1176
1187
1198
1209
1220
1231
1242
1253
1264
1275
1286
1297
1308
1319
1330
0
121
242
363
484
605
726
847
968
1089
1210
1
122
243
364
485
606
727
848
969
1090
1211
2
123
244
365
486
607
728
849
970
1091
1212
3
124
245
366
487
608
729
850
971
1092
1213
4
125
246
367
488
609
730
851
972
1093
1214
5
126
247
368
489
610
731
852
973
1094
1215
6
127
248
369
490
611
732
853
974
1095
1216
7
128
249
370
491
612
733
854
975
1096
1217
8
129
250
371
492
613
734
855
976
1097
1218
9
130
251
372
493
614
735
856
977
1098
1219
10
131
252
373
494
615
736
857
978
1099
1220
110
231
352
473
594
715
836
957
1078
1199
1320
111
232
353
474
595
716
837
958
1079
1200
1321
112
233
354
475
596
717
838
959
1080
1201
1322
113
234
355
476
597
718
839
960
1081
1202
1323
114
235
356
477
598
719
840
961
1082
1203
1324
115
236
357
478
599
720
841
962
1083
1204
1325
116
237
358
479
600
721
842
963
1084
1205
1326
117
238
359
480
601
722
843
964
1085
1206
1327
118
239
360
481
602
723
844
965
1086
1207
1328
119
240
361
482
603
724
845
966
1087
1208
1329
120
241
362
483
604
725
846
967
1088
1209
1330
0
11
22
33
44
55
66
77
88
99
110
1
12
23
34
45
56
67
78
89
100
111
2
13
24
35
46
57
68
79
90
101
112
3
14
25
36
47
58
69
80
91
102
113
4
15
26
37
48
59
70
81
92
103
114
5
16
27
38
49
60
71
82
93
104
115
6
17
28
39
50
61
72
83
94
105
116
7
18
29
40
51
62
73
84
95
106
117
8
19
30
41
52
63
74
85
96
107
118
9
20
31
42
53
64
75
86
97
108
119
10
21
32
43
54
65
76
87
98
109
120
1210
1221
1232
1243
1254
1265
1276
1287
1298
1309
1320
1211
1222
1233
1244
1255
1266
1277
1288
1299
1310
1321
1212
1223
1234
1245
1256
1267
1278
1289
1300
1311
1322
1213
1224
1235
1246
1257
1268
1279
1290
1301
1312
1323
1214
1225
1236
1247
1258
1269
1280
1291
1302
1313
1324
1215
1226
1237
1248
1259
1270
1281
1292
1303
1314
1325
1216
1227
1238
1249
1260
1271
1282
1293
1304
1315
1326
1217
1228
1239
1250
1261
1272
1283
1294
1305
1316
1327
1218
1229
1240
1251
1262
1273
1284
1295
1306
1317
1328
1219
1230
1241
1252
1263
1274
1285
1296
1307
1318
1329
1220
1231
1242
1253
1264
1275
1286
1297
1308
1319
1330
)


// ************************************************************************* //
