/*--------------------------------*- C++ -*----------------------------------*\
| =========                 |                                                 |
| \\      /  F ield         | OpenFOAM: The Open Source CFD Toolbox           |
|  \\    /   O peration     | Version:  2506                                  |
|   \\  /    A nd           | Website:  www.openfoam.com                      |
|    \\/     M anipulation  |                                                 |
\*---------------------------------------------------------------------------*/
FoamFile
{
    version     2.0;
    format      ascii;
    arch        "LSB;label=32;scalar=64";
    class       vectorField;
    location    "constant/polyMesh";
    object      points;
}
// * * * * * * * * * * * * * * * * * * * * * * * * * * * * * * * * * * * * * //


1728
(
(-0.55 -0.55 -0.55)
(-0.45 -0.55 -0.55)
(-0.35 -0.55 -0.55)
(-0.25 -0.55 -0.55)
(-0.15 -0.55 -0.55)
(-0.05 -0.55 -0.55)
(0.05 -0.55 -0.55)
(0.15 -0.55 -0.55)
(0.25 -0.55 -0.55)
(0.35 -0.55 -0.55)
(0.45 -0.55 -0.55)
(0.55 -0.55 -0.55)
(-0.55 -0.45 -0.55)
(-0.45 -0.45 -0.55)
(-0.35 -0.45 -0.55)
(-0.25 -0.45 -0.55)
(-0.15 -0.45 -0.55)
(-0.05 -0.45 -0.55)
(0.05 -0.45 -0.55)
(0.15 -0.45 -0.55)
(0.25 -0.45 -0.55)
(0.35 -0.45 -0.55)
(0.45 -0.45 -0.55)
(0.55 -0.45 -0.55)
(-0.55 -0.35 -0.55)
(-0.45 -0.35 -0.55)
(-0.35 -0.35 -0.55)
(-0.25 -0.35 -0.55)
(-0.15 -0.35 -0.55)
(-0.05 -0.35 -0.55)
(0.05 -0.35 -0.55)
(0.15 -0.35 -0.55)
(0.25 -0.35 -0.55)
(0.35 -0.35 -0.55)
(0.45 -0.35 -0.55)
(0.55 -0.35 -0.55)
(-0.55 -0.25 -0.55)
(-0.45 -0.25 -0.55)
(-0.35 -0.25 -0.55)
(-0.25 -0.25 -0.55)
(-0.15 -0.25 -0.55)
(-0.05 -0.25 -0.55)
(0.05 -0.25 -0.55)
(0.15 -0.25 -0.55)
(0.25 -0.25 -0.55)
(0.35 -0.25 -0.55)
(0.45 -0.25 -0.55)
(0.55 -0.25 -0.55)
(-0.55 -0.15 -0.55)
(-0.45 -0.15 -0.55)
(-0.35 -0.15 -0.55)
(-0.25 -0.15 -0.55)
(-0.15 -0.15 -0.55)
(-0.05 -0.15 -0.55)
(0.05 -0.15 -0.55)
(0.15 -0.15 -0.55)
(0.25 -0.15 -0.55)
(0.35 -0.15 -0.55)
(0.45 -0.15 -0.55)
(0.55 -0.15 -0.55)
(-0.55 -0.05 -0.55)
(-0.45 -0.05 -0.55)
(-0.35 -0.05 -0.55)
(-0.25 -0.05 -0.55)
(-0.15 -0.05 -0.55)
(-0.05 -0.05 -0.55)
(0.05 -0.05 -0.55)
(0.15 -0.05 -0.55)
(0.25 -0.05 -0.55)
(0.35 -0.05 -0.55)
(0.45 -0.05 -0.55)
(0.55 -0.05 -0.55)
(-0.55 0.05 -0.55)
(-0.45 0.05 -0.55)
(-0.35 0.05 -0.55)
(-0.25 0.05 -0.55)
(-0.15 0.05 -0.55)
(-0.05 0.05 -0.55)
(0.05 0.05 -0.55)
(0.15 0.05 -0.55)
(0.25 0.05 -0.55)
(0.35 0.05 -0.55)
(0.45 0.05 -0.55)
(0.55 0.05 -0.55)
(-0.55 0.15 -0.55)
(-0.45 0.15 -0.55)
(-0.35 0.15 -0.55)
(-0.25 0.15 -0.55)
(-0.15 0.15 -0.55)
(-0.05 0.15 -0.55)
(0.05 0.15 -0.55)
(0.15 0.15 -0.55)
(0.25 0.15 -0.55)
(0.35 0.15 -0.55)
(0.45 0.15 -0.55)
(0.55 0.15 -0.55)
(-0.55 0.25 -0.55)
(-0.45 0.25 -0.55)
(-0.35 0.25 -0.55)
(-0.25 0.25 -0.55)
(-0.15 0.25 -0.55)
(-0.05 0.25 -0.55)
(0.05 0.25 -0.55)
(0.15 0.25 -0.55)
(0.25 0.25 -0.55)
(0.35 0.25 -0.55)
(0.45 0.25 -0.55)
(0.55 0.25 -0.55)
(-0.55 0.35 -0.55)
(-0.45 0.35 -0.55)
(-0.35 0.35 -0.55)
(-0.25 0.35 -0.55)
(-0.15 0.35 -0.55)
(-0.05 0.35 -0.55)
(0.05 0.35 -0.55)
(0.15 0.35 -0.55)
(0.25 0.35 -0.55)
(0.35 0.35 -0.55)
(0.45 0.35 -0.55)
(0.55 0.35 -0.55)
(-0.55 0.45 -0.55)
(-0.45 0.45 -0.55)
(-0.35 0.45 -0.55)
(-0.25 0.45 -0.55)
(-0.15 0.45 -0.55)
(-0.05 0.45 -0.55)
(0.05 0.45 -0.55)
(0.15 0.45 -0.55)
(0.25 0.45 -0.55)
(0.35 0.45 -0.55)
(0.45 0.45 -0.55)
(0.55 0.45 -0.55)
(-0.55 0.55 -0.55)
(-0.45 0.55 -0.55)
(-0.35 0.55 -0.55)
(-0.25 0.55 -0.55)
(-0.15 0.55 -0.55)
(-0.05 0.55 -0.55)
(0.05 0.55 -0.55)
(0.15 0.55 -0.55)
(0.25 0.55 -0.55)
(0.35 0.55 -0.55)
(0.45 0.55 -0.55)
(0.55 0.55 -0.55)
(-0.55 -0.55 -0.45)
(-0.45 -0.55 -0.45)
(-0.35 -0.55 -0.45)
(-0.25 -0.55 -0.45)
(-0.15 -0.55 -0.45)
(-0.05 -0.55 -0.45)
(0.05 -0.55 -0.45)
(0.15 -0.55 -0.45)
(0.25 -0.55 -0.45)
(0.35 -0.55 -0.45)
(0.45 -0.55 -0.45)
(0.55 -0.55 -0.45)
(-0.55 -0.45 -0.45)
(-0.45 -0.45 -0.45)
(-0.35 -0.45 -0.45)
(-0.25 -0.45 -0.45)
(-0.15 -0.45 -0.45)
(-0.05 -0.45 -0.45)
(0.05 -0.45 -0.45)
(0.15 -0.45 -0.45)
(0.25 -0.45 -0.45)
(0.35 -0.45 -0.45)
(0.45 -0.45 -0.45)
(0.55 -0.45 -0.45)
(-0.55 -0.35 -0.45)
(-0.45 -0.35 -0.45)
(-0.35 -0.35 -0.45)
(-0.25 -0.35 -0.45)
(-0.15 -0.35 -0.45)
(-0.05 -0.35 -0.45)
(0.05 -0.35 -0.45)
(0.15 -0.35 -0.45)
(0.25 -0.35 -0.45)
(0.35 -0.35 -0.45)
(0.45 -0.35 -0.45)
(0.55 -0.35 -0.45)
(-0.55 -0.25 -0.45)
(-0.45 -0.25 -0.45)
(-0.35 -0.25 -0.45)
(-0.25 -0.25 -0.45)
(-0.15 -0.25 -0.45)
(-0.05 -0.25 -0.45)
(0.05 -0.25 -0.45)
(0.15 -0.25 -0.45)
(0.25 -0.25 -0.45)
(0.35 -0.25 -0.45)
(0.45 -0.25 -0.45)
(0.55 -0.25 -0.45)
(-0.55 -0.15 -0.45)
(-0.45 -0.15 -0.45)
(-0.35 -0.15 -0.45)
(-0.25 -0.15 -0.45)
(-0.15 -0.15 -0.45)
(-0.05 -0.15 -0.45)
(0.05 -0.15 -0.45)
(0.15 -0.15 -0.45)
(0.25 -0.15 -0.45)
(0.35 -0.15 -0.45)
(0.45 -0.15 -0.45)
(0.55 -0.15 -0.45)
(-0.55 -0.05 -0.45)
(-0.45 -0.05 -0.45)
(-0.35 -0.05 -0.45)
(-0.25 -0.05 -0.45)
(-0.15 -0.05 -0.45)
(-0.05 -0.05 -0.45)
(0.05 -0.05 -0.45)
(0.15 -0.05 -0.45)
(0.25 -0.05 -0.45)
(0.35 -0.05 -0.45)
(0.45 -0.05 -0.45)
(0.55 -0.05 -0.45)
(-0.55 0.05 -0.45)
(-0.45 0.05 -0.45)
(-0.35 0.05 -0.45)
(-0.25 0.05 -0.45)
(-0.15 0.05 -0.45)
(-0.05 0.05 -0.45)
(0.05 0.05 -0.45)
(0.15 0.05 -0.45)
(0.25 0.05 -0.45)
(0.35 0.05 -0.45)
(0.45 0.05 -0.45)
(0.55 0.05 -0.45)
(-0.55 0.15 -0.45)
(-0.45 0.15 -0.45)
(-0.35 0.15 -0.45)
(-0.25 0.15 -0.45)
(-0.15 0.15 -0.45)
(-0.05 0.15 -0.45)
(0.05 0.15 -0.45)
(0.15 0.15 -0.45)
(0.25 0.15 -0.45)
(0.35 0.15 -0.45)
(0.45 0.15 -0.45)
(0.55 0.15 -0.45)
(-0.55 0.25 -0.45)
(-0.45 0.25 -0.45)
(-0.35 0.25 -0.45)
(-0.25 0.25 -0.45)
(-0.15 0.25 -0.45)
(-0.05 0.25 -0.45)
(0.05 0.25 -0.45)
(0.15 0.25 -0.45)
(0.25 0.25 -0.45)
(0.35 0.25 -0.45)
(0.45 0.25 -0.45)
(0.55 0.25 -0.45)
(-0.55 0.35 -0.45)
(-0.45 0.35 -0.45)
(-0.35 0.35 -0.45)
(-0.25 0.35 -0.45)
(-0.15 0.35 -0.45)
(-0.05 0.35 -0.45)
(0.05 0.35 -0.45)
(0.15 0.35 -0.45)
(0.25 0.35 -0.45)
(0.35 0.35 -0.45)
(0.45 0.35 -0.45)
(0.55 0.35 -0.45)
(-0.55 0.45 -0.45)
(-0.45 0.45 -0.45)
(-0.35 0.45 -0.45)
(-0.25 0.45 -0.45)
(-0.15 0.45 -0.45)
(-0.05 0.45 -0.45)
(0.05 0.45 -0.45)
(0.15 0.45 -0.45)
(0.25 0.45 -0.45)
(0.35 0.45 -0.45)
(0.45 0.45 -0.45)
(0.55 0.45 -0.45)
(-0.55 0.55 -0.45)
(-0.45 0.55 -0.45)
(-0.35 0.55 -0.45)
(-0.25 0.55 -0.45)
(-0.15 0.55 -0.45)
(-0.05 0.55 -0.45)
(0.05 0.55 -0.45)
(0.15 0.55 -0.45)
(0.25 0.55 -0.45)
(0.35 0.55 -0.45)
(0.45 0.55 -0.45)
(0.55 0.55 -0.45)
(-0.55 -0.55 -0.35)
(-0.45 -0.55 -0.35)
(-0.35 -0.55 -0.35)
(-0.25 -0.55 -0.35)
(-0.15 -0.55 -0.35)
(-0.05 -0.55 -0.35)
(0.05 -0.55 -0.35)
(0.15 -0.55 -0.35)
(0.25 -0.55 -0.35)
(0.35 -0.55 -0.35)
(0.45 -0.55 -0.35)
(0.55 -0.55 -0.35)
(-0.55 -0.45 -0.35)
(-0.45 -0.45 -0.35)
(-0.35 -0.45 -0.35)
(-0.25 -0.45 -0.35)
(-0.15 -0.45 -0.35)
(-0.05 -0.45 -0.35)
(0.05 -0.45 -0.35)
(0.15 -0.45 -0.35)
(0.25 -0.45 -0.35)
(0.35 -0.45 -0.35)
(0.45 -0.45 -0.35)
(0.55 -0.45 -0.35)
(-0.55 -0.35 -0.35)
(-0.45 -0.35 -0.35)
(-0.35 -0.35 -0.35)
(-0.25 -0.35 -0.35)
(-0.15 -0.35 -0.35)
(-0.05 -0.35 -0.35)
(0.05 -0.35 -0.35)
(0.15 -0.35 -0.35)
(0.25 -0.35 -0.35)
(0.35 -0.35 -0.35)
(0.45 -0.35 -0.35)
(0.55 -0.35 -0.35)
(-0.55 -0.25 -0.35)
(-0.45 -0.25 -0.35)
(-0.35 -0.25 -0.35)
(-0.25 -0.25 -0.35)
(-0.15 -0.25 -0.35)
(-0.05 -0.25 -0.35)
(0.05 -0.25 -0.35)
(0.15 -0.25 -0.35)
(0.25 -0.25 -0.35)
(0.35 -0.25 -0.35)
(0.45 -0.25 -0.35)
(0.55 -0.25 -0.35)
(-0.55 -0.15 -0.35)
(-0.45 -0.15 -0.35)
(-0.35 -0.15 -0.35)
(-0.25 -0.15 -0.35)
(-0.15 -0.15 -0.35)
(-0.05 -0.15 -0.35)
(0.05 -0.15 -0.35)
(0.15 -0.15 -0.35)
(0.25 -0.15 -0.35)
(0.35 -0.15 -0.35)
(0.45 -0.15 -0.35)
(0.55 -0.15 -0.35)
(-0.55 -0.05 -0.35)
(-0.45 -0.05 -0.35)
(-0.35 -0.05 -0.35)
(-0.25 -0.05 -0.35)
(-0.15 -0.05 -0.35)
(-0.05 -0.05 -0.35)
(0.05 -0.05 -0.35)
(0.15 -0.05 -0.35)
(0.25 -0.05 -0.35)
(0.35 -0.05 -0.35)
(0.45 -0.05 -0.35)
(0.55 -0.05 -0.35)
(-0.55 0.05 -0.35)
(-0.45 0.05 -0.35)
(-0.35 0.05 -0.35)
(-0.25 0.05 -0.35)
(-0.15 0.05 -0.35)
(-0.05 0.05 -0.35)
(0.05 0.05 -0.35)
(0.15 0.05 -0.35)
(0.25 0.05 -0.35)
(0.35 0.05 -0.35)
(0.45 0.05 -0.35)
(0.55 0.05 -0.35)
(-0.55 0.15 -0.35)
(-0.45 0.15 -0.35)
(-0.35 0.15 -0.35)
(-0.25 0.15 -0.35)
(-0.15 0.15 -0.35)
(-0.05 0.15 -0.35)
(0.05 0.15 -0.35)
(0.15 0.15 -0.35)
(0.25 0.15 -0.35)
(0.35 0.15 -0.35)
(0.45 0.15 -0.35)
(0.55 0.15 -0.35)
(-0.55 0.25 -0.35)
(-0.45 0.25 -0.35)
(-0.35 0.25 -0.35)
(-0.25 0.25 -0.35)
(-0.15 0.25 -0.35)
(-0.05 0.25 -0.35)
(0.05 0.25 -0.35)
(0.15 0.25 -0.35)
(0.25 0.25 -0.35)
(0.35 0.25 -0.35)
(0.45 0.25 -0.35)
(0.55 0.25 -0.35)
(-0.55 0.35 -0.35)
(-0.45 0.35 -0.35)
(-0.35 0.35 -0.35)
(-0.25 0.35 -0.35)
(-0.15 0.35 -0.35)
(-0.05 0.35 -0.35)
(0.05 0.35 -0.35)
(0.15 0.35 -0.35)
(0.25 0.35 -0.35)
(0.35 0.35 -0.35)
(0.45 0.35 -0.35)
(0.55 0.35 -0.35)
(-0.55 0.45 -0.35)
(-0.45 0.45 -0.35)
(-0.35 0.45 -0.35)
(-0.25 0.45 -0.35)
(-0.15 0.45 -0.35)
(-0.05 0.45 -0.35)
(0.05 0.45 -0.35)
(0.15 0.45 -0.35)
(0.25 0.45 -0.35)
(0.35 0.45 -0.35)
(0.45 0.45 -0.35)
(0.55 0.45 -0.35)
(-0.55 0.55 -0.35)
(-0.45 0.55 -0.35)
(-0.35 0.55 -0.35)
(-0.25 0.55 -0.35)
(-0.15 0.55 -0.35)
(-0.05 0.55 -0.35)
(0.05 0.55 -0.35)
(0.15 0.55 -0.35)
(0.25 0.55 -0.35)
(0.35 0.55 -0.35)
(0.45 0.55 -0.35)
(0.55 0.55 -0.35)
(-0.55 -0.55 -0.25)
(-0.45 -0.55 -0.25)
(-0.35 -0.55 -0.25)
(-0.25 -0.55 -0.25)
(-0.15 -0.55 -0.25)
(-0.05 -0.55 -0.25)
(0.05 -0.55 -0.25)
(0.15 -0.55 -0.25)
(0.25 -0.55 -0.25)
(0.35 -0.55 -0.25)
(0.45 -0.55 -0.25)
(0.55 -0.55 -0.25)
(-0.55 -0.45 -0.25)
(-0.45 -0.45 -0.25)
(-0.35 -0.45 -0.25)
(-0.25 -0.45 -0.25)
(-0.15 -0.45 -0.25)
(-0.05 -0.45 -0.25)
(0.05 -0.45 -0.25)
(0.15 -0.45 -0.25)
(0.25 -0.45 -0.25)
(0.35 -0.45 -0.25)
(0.45 -0.45 -0.25)
(0.55 -0.45 -0.25)
(-0.55 -0.35 -0.25)
(-0.45 -0.35 -0.25)
(-0.35 -0.35 -0.25)
(-0.25 -0.35 -0.25)
(-0.15 -0.35 -0.25)
(-0.05 -0.35 -0.25)
(0.05 -0.35 -0.25)
(0.15 -0.35 -0.25)
(0.25 -0.35 -0.25)
(0.35 -0.35 -0.25)
(0.45 -0.35 -0.25)
(0.55 -0.35 -0.25)
(-0.55 -0.25 -0.25)
(-0.45 -0.25 -0.25)
(-0.35 -0.25 -0.25)
(-0.25 -0.25 -0.25)
(-0.15 -0.25 -0.25)
(-0.05 -0.25 -0.25)
(0.05 -0.25 -0.25)
(0.15 -0.25 -0.25)
(0.25 -0.25 -0.25)
(0.35 -0.25 -0.25)
(0.45 -0.25 -0.25)
(0.55 -0.25 -0.25)
(-0.55 -0.15 -0.25)
(-0.45 -0.15 -0.25)
(-0.35 -0.15 -0.25)
(-0.25 -0.15 -0.25)
(-0.15 -0.15 -0.25)
(-0.05 -0.15 -0.25)
(0.05 -0.15 -0.25)
(0.15 -0.15 -0.25)
(0.25 -0.15 -0.25)
(0.35 -0.15 -0.25)
(0.45 -0.15 -0.25)
(0.55 -0.15 -0.25)
(-0.55 -0.05 -0.25)
(-0.45 -0.05 -0.25)
(-0.35 -0.05 -0.25)
(-0.25 -0.05 -0.25)
(-0.15 -0.05 -0.25)
(-0.05 -0.05 -0.25)
(0.05 -0.05 -0.25)
(0.15 -0.05 -0.25)
(0.25 -0.05 -0.25)
(0.35 -0.05 -0.25)
(0.45 -0.05 -0.25)
(0.55 -0.05 -0.25)
(-0.55 0.05 -0.25)
(-0.45 0.05 -0.25)
(-0.35 0.05 -0.25)
(-0.25 0.05 -0.25)
(-0.15 0.05 -0.25)
(-0.05 0.05 -0.25)
(0.05 0.05 -0.25)
(0.15 0.05 -0.25)
(0.25 0.05 -0.25)
(0.35 0.05 -0.25)
(0.45 0.05 -0.25)
(0.55 0.05 -0.25)
(-0.55 0.15 -0.25)
(-0.45 0.15 -0.25)
(-0.35 0.15 -0.25)
(-0.25 0.15 -0.25)
(-0.15 0.15 -0.25)
(-0.05 0.15 -0.25)
(0.05 0.15 -0.25)
(0.15 0.15 -0.25)
(0.25 0.15 -0.25)
(0.35 0.15 -0.25)
(0.45 0.15 -0.25)
(0.55 0.15 -0.25)
(-0.55 0.25 -0.25)
(-0.45 0.25 -0.25)
(-0.35 0.25 -0.25)
(-0.25 0.25 -0.25)
(-0.15 0.25 -0.25)
(-0.05 0.25 -0.25)
(0.05 0.25 -0.25)
(0.15 0.25 -0.25)
(0.25 0.25 -0.25)
(0.35 0.25 -0.25)
(0.45 0.25 -0.25)
(0.55 0.25 -0.25)
(-0.55 0.35 -0.25)
(-0.45 0.35 -0.25)
(-0.35 0.35 -0.25)
(-0.25 0.35 -0.25)
(-0.15 0.35 -0.25)
(-0.05 0.35 -0.25)
(0.05 0.35 -0.25)
(0.15 0.35 -0.25)
(0.25 0.35 -0.25)
(0.35 0.35 -0.25)
(0.45 0.35 -0.25)
(0.55 0.35 -0.25)
(-0.55 0.45 -0.25)
(-0.45 0.45 -0.25)
(-0.35 0.45 -0.25)
(-0.25 0.45 -0.25)
(-0.15 0.45 -0.25)
(-0.05 0.45 -0.25)
(0.05 0.45 -0.25)
(0.15 0.45 -0.25)
(0.25 0.45 -0.25)
(0.35 0.45 -0.25)
(0.45 0.45 -0.25)
(0.55 0.45 -0.25)
(-0.55 0.55 -0.25)
(-0.45 0.55 -0.25)
(-0.35 0.55 -0.25)
(-0.25 0.55 -0.25)
(-0.15 0.55 -0.25)
(-0.05 0.55 -0.25)
(0.05 0.55 -0.25)
(0.15 0.55 -0.25)
(0.25 0.55 -0.25)
(0.35 0.55 -0.25)
(0.45 0.55 -0.25)
(0.55 0.55 -0.25)
(-0.55 -0.55 -0.15)
(-0.45 -0.55 -0.15)
(-0.35 -0.55 -0.15)
(-0.25 -0.55 -0.15)
(-0.15 -0.55 -0.15)
(-0.05 -0.55 -0.15)
(0.05 -0.55 -0.15)
(0.15 -0.55 -0.15)
(0.25 -0.55 -0.15)
(0.35 -0.55 -0.15)
(0.45 -0.55 -0.15)
(0.55 -0.55 -0.15)
(-0.55 -0.45 -0.15)
(-0.45 -0.45 -0.15)
(-0.35 -0.45 -0.15)
(-0.25 -0.45 -0.15)
(-0.15 -0.45 -0.15)
(-0.05 -0.45 -0.15)
(0.05 -0.45 -0.15)
(0.15 -0.45 -0.15)
(0.25 -0.45 -0.15)
(0.35 -0.45 -0.15)
(0.45 -0.45 -0.15)
(0.55 -0.45 -0.15)
(-0.55 -0.35 -0.15)
(-0.45 -0.35 -0.15)
(-0.35 -0.35 -0.15)
(-0.25 -0.35 -0.15)
(-0.15 -0.35 -0.15)
(-0.05 -0.35 -0.15)
(0.05 -0.35 -0.15)
(0.15 -0.35 -0.15)
(0.25 -0.35 -0.15)
(0.35 -0.35 -0.15)
(0.45 -0.35 -0.15)
(0.55 -0.35 -0.15)
(-0.55 -0.25 -0.15)
(-0.45 -0.25 -0.15)
(-0.35 -0.25 -0.15)
(-0.25 -0.25 -0.15)
(-0.15 -0.25 -0.15)
(-0.05 -0.25 -0.15)
(0.05 -0.25 -0.15)
(0.15 -0.25 -0.15)
(0.25 -0.25 -0.15)
(0.35 -0.25 -0.15)
(0.45 -0.25 -0.15)
(0.55 -0.25 -0.15)
(-0.55 -0.15 -0.15)
(-0.45 -0.15 -0.15)
(-0.35 -0.15 -0.15)
(-0.25 -0.15 -0.15)
(-0.15 -0.15 -0.15)
(-0.05 -0.15 -0.15)
(0.05 -0.15 -0.15)
(0.15 -0.15 -0.15)
(0.25 -0.15 -0.15)
(0.35 -0.15 -0.15)
(0.45 -0.15 -0.15)
(0.55 -0.15 -0.15)
(-0.55 -0.05 -0.15)
(-0.45 -0.05 -0.15)
(-0.35 -0.05 -0.15)
(-0.25 -0.05 -0.15)
(-0.15 -0.05 -0.15)
(-0.05 -0.05 -0.15)
(0.05 -0.05 -0.15)
(0.15 -0.05 -0.15)
(0.25 -0.05 -0.15)
(0.35 -0.05 -0.15)
(0.45 -0.05 -0.15)
(0.55 -0.05 -0.15)
(-0.55 0.05 -0.15)
(-0.45 0.05 -0.15)
(-0.35 0.05 -0.15)
(-0.25 0.05 -0.15)
(-0.15 0.05 -0.15)
(-0.05 0.05 -0.15)
(0.05 0.05 -0.15)
(0.15 0.05 -0.15)
(0.25 0.05 -0.15)
(0.35 0.05 -0.15)
(0.45 0.05 -0.15)
(0.55 0.05 -0.15)
(-0.55 0.15 -0.15)
(-0.45 0.15 -0.15)
(-0.35 0.15 -0.15)
(-0.25 0.15 -0.15)
(-0.15 0.15 -0.15)
(-0.05 0.15 -0.15)
(0.05 0.15 -0.15)
(0.15 0.15 -0.15)
(0.25 0.15 -0.15)
(0.35 0.15 -0.15)
(0.45 0.15 -0.15)
(0.55 0.15 -0.15)
(-0.55 0.25 -0.15)
(-0.45 0.25 -0.15)
(-0.35 0.25 -0.15)
(-0.25 0.25 -0.15)
(-0.15 0.25 -0.15)
(-0.05 0.25 -0.15)
(0.05 0.25 -0.15)
(0.15 0.25 -0.15)
(0.25 0.25 -0.15)
(0.35 0.25 -0.15)
(0.45 0.25 -0.15)
(0.55 0.25 -0.15)
(-0.55 0.35 -0.15)
(-0.45 0.35 -0.15)
(-0.35 0.35 -0.15)
(-0.25 0.35 -0.15)
(-0.15 0.35 -0.15)
(-0.05 0.35 -0.15)
(0.05 0.35 -0.15)
(0.15 0.35 -0.15)
(0.25 0.35 -0.15)
(0.35 0.35 -0.15)
(0.45 0.35 -0.15)
(0.55 0.35 -0.15)
(-0.55 0.45 -0.15)
(-0.45 0.45 -0.15)
(-0.35 0.45 -0.15)
(-0.25 0.45 -0.15)
(-0.15 0.45 -0.15)
(-0.05 0.45 -0.15)
(0.05 0.45 -0.15)
(0.15 0.45 -0.15)
(0.25 0.45 -0.15)
(0.35 0.45 -0.15)
(0.45 0.45 -0.15)
(0.55 0.45 -0.15)
(-0.55 0.55 -0.15)
(-0.45 0.55 -0.15)
(-0.35 0.55 -0.15)
(-0.25 0.55 -0.15)
(-0.15 0.55 -0.15)
(-0.05 0.55 -0.15)
(0.05 0.55 -0.15)
(0.15 0.55 -0.15)
(0.25 0.55 -0.15)
(0.35 0.55 -0.15)
(0.45 0.55 -0.15)
(0.55 0.55 -0.15)
(-0.55 -0.55 -0.05)
(-0.45 -0.55 -0.05)
(-0.35 -0.55 -0.05)
(-0.25 -0.55 -0.05)
(-0.15 -0.55 -0.05)
(-0.05 -0.55 -0.05)
(0.05 -0.55 -0.05)
(0.15 -0.55 -0.05)
(0.25 -0.55 -0.05)
(0.35 -0.55 -0.05)
(0.45 -0.55 -0.05)
(0.55 -0.55 -0.05)
(-0.55 -0.45 -0.05)
(-0.45 -0.45 -0.05)
(-0.35 -0.45 -0.05)
(-0.25 -0.45 -0.05)
(-0.15 -0.45 -0.05)
(-0.05 -0.45 -0.05)
(0.05 -0.45 -0.05)
(0.15 -0.45 -0.05)
(0.25 -0.45 -0.05)
(0.35 -0.45 -0.05)
(0.45 -0.45 -0.05)
(0.55 -0.45 -0.05)
(-0.55 -0.35 -0.05)
(-0.45 -0.35 -0.05)
(-0.35 -0.35 -0.05)
(-0.25 -0.35 -0.05)
(-0.15 -0.35 -0.05)
(-0.05 -0.35 -0.05)
(0.05 -0.35 -0.05)
(0.15 -0.35 -0.05)
(0.25 -0.35 -0.05)
(0.35 -0.35 -0.05)
(0.45 -0.35 -0.05)
(0.55 -0.35 -0.05)
(-0.55 -0.25 -0.05)
(-0.45 -0.25 -0.05)
(-0.35 -0.25 -0.05)
(-0.25 -0.25 -0.05)
(-0.15 -0.25 -0.05)
(-0.05 -0.25 -0.05)
(0.05 -0.25 -0.05)
(0.15 -0.25 -0.05)
(0.25 -0.25 -0.05)
(0.35 -0.25 -0.05)
(0.45 -0.25 -0.05)
(0.55 -0.25 -0.05)
(-0.55 -0.15 -0.05)
(-0.45 -0.15 -0.05)
(-0.35 -0.15 -0.05)
(-0.25 -0.15 -0.05)
(-0.15 -0.15 -0.05)
(-0.05 -0.15 -0.05)
(0.05 -0.15 -0.05)
(0.15 -0.15 -0.05)
(0.25 -0.15 -0.05)
(0.35 -0.15 -0.05)
(0.45 -0.15 -0.05)
(0.55 -0.15 -0.05)
(-0.55 -0.05 -0.05)
(-0.45 -0.05 -0.05)
(-0.35 -0.05 -0.05)
(-0.25 -0.05 -0.05)
(-0.15 -0.05 -0.05)
(-0.05 -0.05 -0.05)
(0.05 -0.05 -0.05)
(0.15 -0.05 -0.05)
(0.25 -0.05 -0.05)
(0.35 -0.05 -0.05)
(0.45 -0.05 -0.05)
(0.55 -0.05 -0.05)
(-0.55 0.05 -0.05)
(-0.45 0.05 -0.05)
(-0.35 0.05 -0.05)
(-0.25 0.05 -0.05)
(-0.15 0.05 -0.05)
(-0.05 0.05 -0.05)
(0.05 0.05 -0.05)
(0.15 0.05 -0.05)
(0.25 0.05 -0.05)
(0.35 0.05 -0.05)
(0.45 0.05 -0.05)
(0.55 0.05 -0.05)
(-0.55 0.15 -0.05)
(-0.45 0.15 -0.05)
(-0.35 0.15 -0.05)
(-0.25 0.15 -0.05)
(-0.15 0.15 -0.05)
(-0.05 0.15 -0.05)
(0.05 0.15 -0.05)
(0.15 0.15 -0.05)
(0.25 0.15 -0.05)
(0.35 0.15 -0.05)
(0.45 0.15 -0.05)
(0.55 0.15 -0.05)
(-0.55 0.25 -0.05)
(-0.45 0.25 -0.05)
(-0.35 0.25 -0.05)
(-0.25 0.25 -0.05)
(-0.15 0.25 -0.05)
(-0.05 0.25 -0.05)
(0.05 0.25 -0.05)
(0.15 0.25 -0.05)
(0.25 0.25 -0.05)
(0.35 0.25 -0.05)
(0.45 0.25 -0.05)
(0.55 0.25 -0.05)
(-0.55 0.35 -0.05)
(-0.45 0.35 -0.05)
(-0.35 0.35 -0.05)
(-0.25 0.35 -0.05)
(-0.15 0.35 -0.05)
(-0.05 0.35 -0.05)
(0.05 0.35 -0.05)
(0.15 0.35 -0.05)
(0.25 0.35 -0.05)
(0.35 0.35 -0.05)
(0.45 0.35 -0.05)
(0.55 0.35 -0.05)
(-0.55 0.45 -0.05)
(-0.45 0.45 -0.05)
(-0.35 0.45 -0.05)
(-0.25 0.45 -0.05)
(-0.15 0.45 -0.05)
(-0.05 0.45 -0.05)
(0.05 0.45 -0.05)
(0.15 0.45 -0.05)
(0.25 0.45 -0.05)
(0.35 0.45 -0.05)
(0.45 0.45 -0.05)
(0.55 0.45 -0.05)
(-0.55 0.55 -0.05)
(-0.45 0.55 -0.05)
(-0.35 0.55 -0.05)
(-0.25 0.55 -0.05)
(-0.15 0.55 -0.05)
(-0.05 0.55 -0.05)
(0.05 0.55 -0.05)
(0.15 0.55 -0.05)
(0.25 0.55 -0.05)
(0.35 0.55 -0.05)
(0.45 0.55 -0.05)
(0.55 0.55 -0.05)
(-0.55 -0.55 0.05)
(-0.45 -0.55 0.05)
(-0.35 -0.55 0.05)
(-0.25 -0.55 0.05)
(-0.15 -0.55 0.05)
(-0.05 -0.55 0.05)
(0.05 -0.55 0.05)
(0.15 -0.55 0.05)
(0.25 -0.55 0.05)
(0.35 -0.55 0.05)
(0.45 -0.55 0.05)
(0.55 -0.55 0.05)
(-0.55 -0.45 0.05)
(-0.45 -0.45 0.05)
(-0.35 -0.45 0.05)
(-0.25 -0.45 0.05)
(-0.15 -0.45 0.05)
(-0.05 -0.45 0.05)
(0.05 -0.45 0.05)
(0.15 -0.45 0.05)
(0.25 -0.45 0.05)
(0.35 -0.45 0.05)
(0.45 -0.45 0.05)
(0.55 -0.45 0.05)
(-0.55 -0.35 0.05)
(-0.45 -0.35 0.05)
(-0.35 -0.35 0.05)
(-0.25 -0.35 0.05)
(-0.15 -0.35 0.05)
(-0.05 -0.35 0.05)
(0.05 -0.35 0.05)
(0.15 -0.35 0.05)
(0.25 -0.35 0.05)
(0.35 -0.35 0.05)
(0.45 -0.35 0.05)
(0.55 -0.35 0.05)
(-0.55 -0.25 0.05)
(-0.45 -0.25 0.05)
(-0.35 -0.25 0.05)
(-0.25 -0.25 0.05)
(-0.15 -0.25 0.05)
(-0.05 -0.25 0.05)
(0.05 -0.25 0.05)
(0.15 -0.25 0.05)
(0.25 -0.25 0.05)
(0.35 -0.25 0.05)
(0.45 -0.25 0.05)
(0.55 -0.25 0.05)
(-0.55 -0.15 0.05)
(-0.45 -0.15 0.05)
(-0.35 -0.15 0.05)
(-0.25 -0.15 0.05)
(-0.15 -0.15 0.05)
(-0.05 -0.15 0.05)
(0.05 -0.15 0.05)
(0.15 -0.15 0.05)
(0.25 -0.15 0.05)
(0.35 -0.15 0.05)
(0.45 -0.15 0.05)
(0.55 -0.15 0.05)
(-0.55 -0.05 0.05)
(-0.45 -0.05 0.05)
(-0.35 -0.05 0.05)
(-0.25 -0.05 0.05)
(-0.15 -0.05 0.05)
(-0.05 -0.05 0.05)
(0.05 -0.05 0.05)
(0.15 -0.05 0.05)
(0.25 -0.05 0.05)
(0.35 -0.05 0.05)
(0.45 -0.05 0.05)
(0.55 -0.05 0.05)
(-0.55 0.05 0.05)
(-0.45 0.05 0.05)
(-0.35 0.05 0.05)
(-0.25 0.05 0.05)
(-0.15 0.05 0.05)
(-0.05 0.05 0.05)
(0.05 0.05 0.05)
(0.15 0.05 0.05)
(0.25 0.05 0.05)
(0.35 0.05 0.05)
(0.45 0.05 0.05)
(0.55 0.05 0.05)
(-0.55 0.15 0.05)
(-0.45 0.15 0.05)
(-0.35 0.15 0.05)
(-0.25 0.15 0.05)
(-0.15 0.15 0.05)
(-0.05 0.15 0.05)
(0.05 0.15 0.05)
(0.15 0.15 0.05)
(0.25 0.15 0.05)
(0.35 0.15 0.05)
(0.45 0.15 0.05)
(0.55 0.15 0.05)
(-0.55 0.25 0.05)
(-0.45 0.25 0.05)
(-0.35 0.25 0.05)
(-0.25 0.25 0.05)
(-0.15 0.25 0.05)
(-0.05 0.25 0.05)
(0.05 0.25 0.05)
(0.15 0.25 0.05)
(0.25 0.25 0.05)
(0.35 0.25 0.05)
(0.45 0.25 0.05)
(0.55 0.25 0.05)
(-0.55 0.35 0.05)
(-0.45 0.35 0.05)
(-0.35 0.35 0.05)
(-0.25 0.35 0.05)
(-0.15 0.35 0.05)
(-0.05 0.35 0.05)
(0.05 0.35 0.05)
(0.15 0.35 0.05)
(0.25 0.35 0.05)
(0.35 0.35 0.05)
(0.45 0.35 0.05)
(0.55 0.35 0.05)
(-0.55 0.45 0.05)
(-0.45 0.45 0.05)
(-0.35 0.45 0.05)
(-0.25 0.45 0.05)
(-0.15 0.45 0.05)
(-0.05 0.45 0.05)
(0.05 0.45 0.05)
(0.15 0.45 0.05)
(0.25 0.45 0.05)
(0.35 0.45 0.05)
(0.45 0.45 0.05)
(0.55 0.45 0.05)
(-0.55 0.55 0.05)
(-0.45 0.55 0.05)
(-0.35 0.55 0.05)
(-0.25 0.55 0.05)
(-0.15 0.55 0.05)
(-0.05 0.55 0.05)
(0.05 0.55 0.05)
(0.15 0.55 0.05)
(0.25 0.55 0.05)
(0.35 0.55 0.05)
(0.45 0.55 0.05)
(0.55 0.55 0.05)
(-0.55 -0.55 0.15)
(-0.45 -0.55 0.15)
(-0.35 -0.55 0.15)
(-0.25 -0.55 0.15)
(-0.15 -0.55 0.15)
(-0.05 -0.55 0.15)
(0.05 -0.55 0.15)
(0.15 -0.55 0.15)
(0.25 -0.55 0.15)
(0.35 -0.55 0.15)
(0.45 -0.55 0.15)
(0.55 -0.55 0.15)
(-0.55 -0.45 0.15)
(-0.45 -0.45 0.15)
(-0.35 -0.45 0.15)
(-0.25 -0.45 0.15)
(-0.15 -0.45 0.15)
(-0.05 -0.45 0.15)
(0.05 -0.45 0.15)
(0.15 -0.45 0.15)
(0.25 -0.45 0.15)
(0.35 -0.45 0.15)
(0.45 -0.45 0.15)
(0.55 -0.45 0.15)
(-0.55 -0.35 0.15)
(-0.45 -0.35 0.15)
(-0.35 -0.35 0.15)
(-0.25 -0.35 0.15)
(-0.15 -0.35 0.15)
(-0.05 -0.35 0.15)
(0.05 -0.35 0.15)
(0.15 -0.35 0.15)
(0.25 -0.35 0.15)
(0.35 -0.35 0.15)
(0.45 -0.35 0.15)
(0.55 -0.35 0.15)
(-0.55 -0.25 0.15)
(-0.45 -0.25 0.15)
(-0.35 -0.25 0.15)
(-0.25 -0.25 0.15)
(-0.15 -0.25 0.15)
(-0.05 -0.25 0.15)
(0.05 -0.25 0.15)
(0.15 -0.25 0.15)
(0.25 -0.25 0.15)
(0.35 -0.25 0.15)
(0.45 -0.25 0.15)
(0.55 -0.25 0.15)
(-0.55 -0.15 0.15)
(-0.45 -0.15 0.15)
(-0.35 -0.15 0.15)
(-0.25 -0.15 0.15)
(-0.15 -0.15 0.15)
(-0.05 -0.15 0.15)
(0.05 -0.15 0.15)
(0.15 -0.15 0.15)
(0.25 -0.15 0.15)
(0.35 -0.15 0.15)
(0.45 -0.15 0.15)
(0.55 -0.15 0.15)
(-0.55 -0.05 0.15)
(-0.45 -0.05 0.15)
(-0.35 -0.05 0.15)
(-0.25 -0.05 0.15)
(-0.15 -0.05 0.15)
(-0.05 -0.05 0.15)
(0.05 -0.05 0.15)
(0.15 -0.05 0.15)
(0.25 -0.05 0.15)
(0.35 -0.05 0.15)
(0.45 -0.05 0.15)
(0.55 -0.05 0.15)
(-0.55 0.05 0.15)
(-0.45 0.05 0.15)
(-0.35 0.05 0.15)
(-0.25 0.05 0.15)
(-0.15 0.05 0.15)
(-0.05 0.05 0.15)
(0.05 0.05 0.15)
(0.15 0.05 0.15)
(0.25 0.05 0.15)
(0.35 0.05 0.15)
(0.45 0.05 0.15)
(0.55 0.05 0.15)
(-0.55 0.15 0.15)
(-0.45 0.15 0.15)
(-0.35 0.15 0.15)
(-0.25 0.15 0.15)
(-0.15 0.15 0.15)
(-0.05 0.15 0.15)
(0.05 0.15 0.15)
(0.15 0.15 0.15)
(0.25 0.15 0.15)
(0.35 0.15 0.15)
(0.45 0.15 0.15)
(0.55 0.15 0.15)
(-0.55 0.25 0.15)
(-0.45 0.25 0.15)
(-0.35 0.25 0.15)
(-0.25 0.25 0.15)
(-0.15 0.25 0.15)
(-0.05 0.25 0.15)
(0.05 0.25 0.15)
(0.15 0.25 0.15)
(0.25 0.25 0.15)
(0.35 0.25 0.15)
(0.45 0.25 0.15)
(0.55 0.25 0.15)
(-0.55 0.35 0.15)
(-0.45 0.35 0.15)
(-0.35 0.35 0.15)
(-0.25 0.35 0.15)
(-0.15 0.35 0.15)
(-0.05 0.35 0.15)
(0.05 0.35 0.15)
(0.15 0.35 0.15)
(0.25 0.35 0.15)
(0.35 0.35 0.15)
(0.45 0.35 0.15)
(0.55 0.35 0.15)
(-0.55 0.45 0.15)
(-0.45 0.45 0.15)
(-0.35 0.45 0.15)
(-0.25 0.45 0.15)
(-0.15 0.45 0.15)
(-0.05 0.45 0.15)
(0.05 0.45 0.15)
(0.15 0.45 0.15)
(0.25 0.45 0.15)
(0.35 0.45 0.15)
(0.45 0.45 0.15)
(0.55 0.45 0.15)
(-0.55 0.55 0.15)
(-0.45 0.55 0.15)
(-0.35 0.55 0.15)
(-0.25 0.55 0.15)
(-0.15 0.55 0.15)
(-0.05 0.55 0.15)
(0.05 0.55 0.15)
(0.15 0.55 0.15)
(0.25 0.55 0.15)
(0.35 0.55 0.15)
(0.45 0.55 0.15)
(0.55 0.55 0.15)
(-0.55 -0.55 0.25)
(-0.45 -0.55 0.25)
(-0.35 -0.55 0.25)
(-0.25 -0.55 0.25)
(-0.15 -0.55 0.25)
(-0.05 -0.55 0.25)
(0.05 -0.55 0.25)
(0.15 -0.55 0.25)
(0.25 -0.55 0.25)
(0.35 -0.55 0.25)
(0.45 -0.55 0.25)
(0.55 -0.55 0.25)
(-0.55 -0.45 0.25)
(-0.45 -0.45 0.25)
(-0.35 -0.45 0.25)
(-0.25 -0.45 0.25)
(-0.15 -0.45 0.25)
(-0.05 -0.45 0.25)
(0.05 -0.45 0.25)
(0.15 -0.45 0.25)
(0.25 -0.45 0.25)
(0.35 -0.45 0.25)
(0.45 -0.45 0.25)
(0.55 -0.45 0.25)
(-0.55 -0.35 0.25)
(-0.45 -0.35 0.25)
(-0.35 -0.35 0.25)
(-0.25 -0.35 0.25)
(-0.15 -0.35 0.25)
(-0.05 -0.35 0.25)
(0.05 -0.35 0.25)
(0.15 -0.35 0.25)
(0.25 -0.35 0.25)
(0.35 -0.35 0.25)
(0.45 -0.35 0.25)
(0.55 -0.35 0.25)
(-0.55 -0.25 0.25)
(-0.45 -0.25 0.25)
(-0.35 -0.25 0.25)
(-0.25 -0.25 0.25)
(-0.15 -0.25 0.25)
(-0.05 -0.25 0.25)
(0.05 -0.25 0.25)
(0.15 -0.25 0.25)
(0.25 -0.25 0.25)
(0.35 -0.25 0.25)
(0.45 -0.25 0.25)
(0.55 -0.25 0.25)
(-0.55 -0.15 0.25)
(-0.45 -0.15 0.25)
(-0.35 -0.15 0.25)
(-0.25 -0.15 0.25)
(-0.15 -0.15 0.25)
(-0.05 -0.15 0.25)
(0.05 -0.15 0.25)
(0.15 -0.15 0.25)
(0.25 -0.15 0.25)
(0.35 -0.15 0.25)
(0.45 -0.15 0.25)
(0.55 -0.15 0.25)
(-0.55 -0.05 0.25)
(-0.45 -0.05 0.25)
(-0.35 -0.05 0.25)
(-0.25 -0.05 0.25)
(-0.15 -0.05 0.25)
(-0.05 -0.05 0.25)
(0.05 -0.05 0.25)
(0.15 -0.05 0.25)
(0.25 -0.05 0.25)
(0.35 -0.05 0.25)
(0.45 -0.05 0.25)
(0.55 -0.05 0.25)
(-0.55 0.05 0.25)
(-0.45 0.05 0.25)
(-0.35 0.05 0.25)
(-0.25 0.05 0.25)
(-0.15 0.05 0.25)
(-0.05 0.05 0.25)
(0.05 0.05 0.25)
(0.15 0.05 0.25)
(0.25 0.05 0.25)
(0.35 0.05 0.25)
(0.45 0.05 0.25)
(0.55 0.05 0.25)
(-0.55 0.15 0.25)
(-0.45 0.15 0.25)
(-0.35 0.15 0.25)
(-0.25 0.15 0.25)
(-0.15 0.15 0.25)
(-0.05 0.15 0.25)
(0.05 0.15 0.25)
(0.15 0.15 0.25)
(0.25 0.15 0.25)
(0.35 0.15 0.25)
(0.45 0.15 0.25)
(0.55 0.15 0.25)
(-0.55 0.25 0.25)
(-0.45 0.25 0.25)
(-0.35 0.25 0.25)
(-0.25 0.25 0.25)
(-0.15 0.25 0.25)
(-0.05 0.25 0.25)
(0.05 0.25 0.25)
(0.15 0.25 0.25)
(0.25 0.25 0.25)
(0.35 0.25 0.25)
(0.45 0.25 0.25)
(0.55 0.25 0.25)
(-0.55 0.35 0.25)
(-0.45 0.35 0.25)
(-0.35 0.35 0.25)
(-0.25 0.35 0.25)
(-0.15 0.35 0.25)
(-0.05 0.35 0.25)
(0.05 0.35 0.25)
(0.15 0.35 0.25)
(0.25 0.35 0.25)
(0.35 0.35 0.25)
(0.45 0.35 0.25)
(0.55 0.35 0.25)
(-0.55 0.45 0.25)
(-0.45 0.45 0.25)
(-0.35 0.45 0.25)
(-0.25 0.45 0.25)
(-0.15 0.45 0.25)
(-0.05 0.45 0.25)
(0.05 0.45 0.25)
(0.15 0.45 0.25)
(0.25 0.45 0.25)
(0.35 0.45 0.25)
(0.45 0.45 0.25)
(0.55 0.45 0.25)
(-0.55 0.55 0.25)
(-0.45 0.55 0.25)
(-0.35 0.55 0.25)
(-0.25 0.55 0.25)
(-0.15 0.55 0.25)
(-0.05 0.55 0.25)
(0.05 0.55 0.25)
(0.15 0.55 0.25)
(0.25 0.55 0.25)
(0.35 0.55 0.25)
(0.45 0.55 0.25)
(0.55 0.55 0.25)
(-0.55 -0.55 0.35)
(-0.45 -0.55 0.35)
(-0.35 -0.55 0.35)
(-0.25 -0.55 0.35)
(-0.15 -0.55 0.35)
(-0.05 -0.55 0.35)
(0.05 -0.55 0.35)
(0.15 -0.55 0.35)
(0.25 -0.55 0.35)
(0.35 -0.55 0.35)
(0.45 -0.55 0.35)
(0.55 -0.55 0.35)
(-0.55 -0.45 0.35)
(-0.45 -0.45 0.35)
(-0.35 -0.45 0.35)
(-0.25 -0.45 0.35)
(-0.15 -0.45 0.35)
(-0.05 -0.45 0.35)
(0.05 -0.45 0.35)
(0.15 -0.45 0.35)
(0.25 -0.45 0.35)
(0.35 -0.45 0.35)
(0.45 -0.45 0.35)
(0.55 -0.45 0.35)
(-0.55 -0.35 0.35)
(-0.45 -0.35 0.35)
(-0.35 -0.35 0.35)
(-0.25 -0.35 0.35)
(-0.15 -0.35 0.35)
(-0.05 -0.35 0.35)
(0.05 -0.35 0.35)
(0.15 -0.35 0.35)
(0.25 -0.35 0.35)
(0.35 -0.35 0.35)
(0.45 -0.35 0.35)
(0.55 -0.35 0.35)
(-0.55 -0.25 0.35)
(-0.45 -0.25 0.35)
(-0.35 -0.25 0.35)
(-0.25 -0.25 0.35)
(-0.15 -0.25 0.35)
(-0.05 -0.25 0.35)
(0.05 -0.25 0.35)
(0.15 -0.25 0.35)
(0.25 -0.25 0.35)
(0.35 -0.25 0.35)
(0.45 -0.25 0.35)
(0.55 -0.25 0.35)
(-0.55 -0.15 0.35)
(-0.45 -0.15 0.35)
(-0.35 -0.15 0.35)
(-0.25 -0.15 0.35)
(-0.15 -0.15 0.35)
(-0.05 -0.15 0.35)
(0.05 -0.15 0.35)
(0.15 -0.15 0.35)
(0.25 -0.15 0.35)
(0.35 -0.15 0.35)
(0.45 -0.15 0.35)
(0.55 -0.15 0.35)
(-0.55 -0.05 0.35)
(-0.45 -0.05 0.35)
(-0.35 -0.05 0.35)
(-0.25 -0.05 0.35)
(-0.15 -0.05 0.35)
(-0.05 -0.05 0.35)
(0.05 -0.05 0.35)
(0.15 -0.05 0.35)
(0.25 -0.05 0.35)
(0.35 -0.05 0.35)
(0.45 -0.05 0.35)
(0.55 -0.05 0.35)
(-0.55 0.05 0.35)
(-0.45 0.05 0.35)
(-0.35 0.05 0.35)
(-0.25 0.05 0.35)
(-0.15 0.05 0.35)
(-0.05 0.05 0.35)
(0.05 0.05 0.35)
(0.15 0.05 0.35)
(0.25 0.05 0.35)
(0.35 0.05 0.35)
(0.45 0.05 0.35)
(0.55 0.05 0.35)
(-0.55 0.15 0.35)
(-0.45 0.15 0.35)
(-0.35 0.15 0.35)
(-0.25 0.15 0.35)
(-0.15 0.15 0.35)
(-0.05 0.15 0.35)
(0.05 0.15 0.35)
(0.15 0.15 0.35)
(0.25 0.15 0.35)
(0.35 0.15 0.35)
(0.45 0.15 0.35)
(0.55 0.15 0.35)
(-0.55 0.25 0.35)
(-0.45 0.25 0.35)
(-0.35 0.25 0.35)
(-0.25 0.25 0.35)
(-0.15 0.25 0.35)
(-0.05 0.25 0.35)
(0.05 0.25 0.35)
(0.15 0.25 0.35)
(0.25 0.25 0.35)
(0.35 0.25 0.35)
(0.45 0.25 0.35)
(0.55 0.25 0.35)
(-0.55 0.35 0.35)
(-0.45 0.35 0.35)
(-0.35 0.35 0.35)
(-0.25 0.35 0.35)
(-0.15 0.35 0.35)
(-0.05 0.35 0.35)
(0.05 0.35 0.35)
(0.15 0.35 0.35)
(0.25 0.35 0.35)
(0.35 0.35 0.35)
(0.45 0.35 0.35)
(0.55 0.35 0.35)
(-0.55 0.45 0.35)
(-0.45 0.45 0.35)
(-0.35 0.45 0.35)
(-0.25 0.45 0.35)
(-0.15 0.45 0.35)
(-0.05 0.45 0.35)
(0.05 0.45 0.35)
(0.15 0.45 0.35)
(0.25 0.45 0.35)
(0.35 0.45 0.35)
(0.45 0.45 0.35)
(0.55 0.45 0.35)
(-0.55 0.55 0.35)
(-0.45 0.55 0.35)
(-0.35 0.55 0.35)
(-0.25 0.55 0.35)
(-0.15 0.55 0.35)
(-0.05 0.55 0.35)
(0.05 0.55 0.35)
(0.15 0.55 0.35)
(0.25 0.55 0.35)
(0.35 0.55 0.35)
(0.45 0.55 0.35)
(0.55 0.55 0.35)
(-0.55 -0.55 0.45)
(-0.45 -0.55 0.45)
(-0.35 -0.55 0.45)
(-0.25 -0.55 0.45)
(-0.15 -0.55 0.45)
(-0.05 -0.55 0.45)
(0.05 -0.55 0.45)
(0.15 -0.55 0.45)
(0.25 -0.55 0.45)
(0.35 -0.55 0.45)
(0.45 -0.55 0.45)
(0.55 -0.55 0.45)
(-0.55 -0.45 0.45)
(-0.45 -0.45 0.45)
(-0.35 -0.45 0.45)
(-0.25 -0.45 0.45)
(-0.15 -0.45 0.45)
(-0.05 -0.45 0.45)
(0.05 -0.45 0.45)
(0.15 -0.45 0.45)
(0.25 -0.45 0.45)
(0.35 -0.45 0.45)
(0.45 -0.45 0.45)
(0.55 -0.45 0.45)
(-0.55 -0.35 0.45)
(-0.45 -0.35 0.45)
(-0.35 -0.35 0.45)
(-0.25 -0.35 0.45)
(-0.15 -0.35 0.45)
(-0.05 -0.35 0.45)
(0.05 -0.35 0.45)
(0.15 -0.35 0.45)
(0.25 -0.35 0.45)
(0.35 -0.35 0.45)
(0.45 -0.35 0.45)
(0.55 -0.35 0.45)
(-0.55 -0.25 0.45)
(-0.45 -0.25 0.45)
(-0.35 -0.25 0.45)
(-0.25 -0.25 0.45)
(-0.15 -0.25 0.45)
(-0.05 -0.25 0.45)
(0.05 -0.25 0.45)
(0.15 -0.25 0.45)
(0.25 -0.25 0.45)
(0.35 -0.25 0.45)
(0.45 -0.25 0.45)
(0.55 -0.25 0.45)
(-0.55 -0.15 0.45)
(-0.45 -0.15 0.45)
(-0.35 -0.15 0.45)
(-0.25 -0.15 0.45)
(-0.15 -0.15 0.45)
(-0.05 -0.15 0.45)
(0.05 -0.15 0.45)
(0.15 -0.15 0.45)
(0.25 -0.15 0.45)
(0.35 -0.15 0.45)
(0.45 -0.15 0.45)
(0.55 -0.15 0.45)
(-0.55 -0.05 0.45)
(-0.45 -0.05 0.45)
(-0.35 -0.05 0.45)
(-0.25 -0.05 0.45)
(-0.15 -0.05 0.45)
(-0.05 -0.05 0.45)
(0.05 -0.05 0.45)
(0.15 -0.05 0.45)
(0.25 -0.05 0.45)
(0.35 -0.05 0.45)
(0.45 -0.05 0.45)
(0.55 -0.05 0.45)
(-0.55 0.05 0.45)
(-0.45 0.05 0.45)
(-0.35 0.05 0.45)
(-0.25 0.05 0.45)
(-0.15 0.05 0.45)
(-0.05 0.05 0.45)
(0.05 0.05 0.45)
(0.15 0.05 0.45)
(0.25 0.05 0.45)
(0.35 0.05 0.45)
(0.45 0.05 0.45)
(0.55 0.05 0.45)
(-0.55 0.15 0.45)
(-0.45 0.15 0.45)
(-0.35 0.15 0.45)
(-0.25 0.15 0.45)
(-0.15 0.15 0.45)
(-0.05 0.15 0.45)
(0.05 0.15 0.45)
(0.15 0.15 0.45)
(0.25 0.15 0.45)
(0.35 0.15 0.45)
(0.45 0.15 0.45)
(0.55 0.15 0.45)
(-0.55 0.25 0.45)
(-0.45 0.25 0.45)
(-0.35 0.25 0.45)
(-0.25 0.25 0.45)
(-0.15 0.25 0.45)
(-0.05 0.25 0.45)
(0.05 0.25 0.45)
(0.15 0.25 0.45)
(0.25 0.25 0.45)
(0.35 0.25 0.45)
(0.45 0.25 0.45)
(0.55 0.25 0.45)
(-0.55 0.35 0.45)
(-0.45 0.35 0.45)
(-0.35 0.35 0.45)
(-0.25 0.35 0.45)
(-0.15 0.35 0.45)
(-0.05 0.35 0.45)
(0.05 0.35 0.45)
(0.15 0.35 0.45)
(0.25 0.35 0.45)
(0.35 0.35 0.45)
(0.45 0.35 0.45)
(0.55 0.35 0.45)
(-0.55 0.45 0.45)
(-0.45 0.45 0.45)
(-0.35 0.45 0.45)
(-0.25 0.45 0.45)
(-0.15 0.45 0.45)
(-0.05 0.45 0.45)
(0.05 0.45 0.45)
(0.15 0.45 0.45)
(0.25 0.45 0.45)
(0.35 0.45 0.45)
(0.45 0.45 0.45)
(0.55 0.45 0.45)
(-0.55 0.55 0.45)
(-0.45 0.55 0.45)
(-0.35 0.55 0.45)
(-0.25 0.55 0.45)
(-0.15 0.55 0.45)
(-0.05 0.55 0.45)
(0.05 0.55 0.45)
(0.15 0.55 0.45)
(0.25 0.55 0.45)
(0.35 0.55 0.45)
(0.45 0.55 0.45)
(0.55 0.55 0.45)
(-0.55 -0.55 0.55)
(-0.45 -0.55 0.55)
(-0.35 -0.55 0.55)
(-0.25 -0.55 0.55)
(-0.15 -0.55 0.55)
(-0.05 -0.55 0.55)
(0.05 -0.55 0.55)
(0.15 -0.55 0.55)
(0.25 -0.55 0.55)
(0.35 -0.55 0.55)
(0.45 -0.55 0.55)
(0.55 -0.55 0.55)
(-0.55 -0.45 0.55)
(-0.45 -0.45 0.55)
(-0.35 -0.45 0.55)
(-0.25 -0.45 0.55)
(-0.15 -0.45 0.55)
(-0.05 -0.45 0.55)
(0.05 -0.45 0.55)
(0.15 -0.45 0.55)
(0.25 -0.45 0.55)
(0.35 -0.45 0.55)
(0.45 -0.45 0.55)
(0.55 -0.45 0.55)
(-0.55 -0.35 0.55)
(-0.45 -0.35 0.55)
(-0.35 -0.35 0.55)
(-0.25 -0.35 0.55)
(-0.15 -0.35 0.55)
(-0.05 -0.35 0.55)
(0.05 -0.35 0.55)
(0.15 -0.35 0.55)
(0.25 -0.35 0.55)
(0.35 -0.35 0.55)
(0.45 -0.35 0.55)
(0.55 -0.35 0.55)
(-0.55 -0.25 0.55)
(-0.45 -0.25 0.55)
(-0.35 -0.25 0.55)
(-0.25 -0.25 0.55)
(-0.15 -0.25 0.55)
(-0.05 -0.25 0.55)
(0.05 -0.25 0.55)
(0.15 -0.25 0.55)
(0.25 -0.25 0.55)
(0.35 -0.25 0.55)
(0.45 -0.25 0.55)
(0.55 -0.25 0.55)
(-0.55 -0.15 0.55)
(-0.45 -0.15 0.55)
(-0.35 -0.15 0.55)
(-0.25 -0.15 0.55)
(-0.15 -0.15 0.55)
(-0.05 -0.15 0.55)
(0.05 -0.15 0.55)
(0.15 -0.15 0.55)
(0.25 -0.15 0.55)
(0.35 -0.15 0.55)
(0.45 -0.15 0.55)
(0.55 -0.15 0.55)
(-0.55 -0.05 0.55)
(-0.45 -0.05 0.55)
(-0.35 -0.05 0.55)
(-0.25 -0.05 0.55)
(-0.15 -0.05 0.55)
(-0.05 -0.05 0.55)
(0.05 -0.05 0.55)
(0.15 -0.05 0.55)
(0.25 -0.05 0.55)
(0.35 -0.05 0.55)
(0.45 -0.05 0.55)
(0.55 -0.05 0.55)
(-0.55 0.05 0.55)
(-0.45 0.05 0.55)
(-0.35 0.05 0.55)
(-0.25 0.05 0.55)
(-0.15 0.05 0.55)
(-0.05 0.05 0.55)
(0.05 0.05 0.55)
(0.15 0.05 0.55)
(0.25 0.05 0.55)
(0.35 0.05 0.55)
(0.45 0.05 0.55)
(0.55 0.05 0.55)
(-0.55 0.15 0.55)
(-0.45 0.15 0.55)
(-0.35 0.15 0.55)
(-0.25 0.15 0.55)
(-0.15 0.15 0.55)
(-0.05 0.15 0.55)
(0.05 0.15 0.55)
(0.15 0.15 0.55)
(0.25 0.15 0.55)
(0.35 0.15 0.55)
(0.45 0.15 0.55)
(0.55 0.15 0.55)
(-0.55 0.25 0.55)
(-0.45 0.25 0.55)
(-0.35 0.25 0.55)
(-0.25 0.25 0.55)
(-0.15 0.25 0.55)
(-0.05 0.25 0.55)
(0.05 0.25 0.55)
(0.15 0.25 0.55)
(0.25 0.25 0.55)
(0.35 0.25 0.55)
(0.45 0.25 0.55)
(0.55 0.25 0.55)
(-0.55 0.35 0.55)
(-0.45 0.35 0.55)
(-0.35 0.35 0.55)
(-0.25 0.35 0.55)
(-0.15 0.35 0.55)
(-0.05 0.35 0.55)
(0.05 0.35 0.55)
(0.15 0.35 0.55)
(0.25 0.35 0.55)
(0.35 0.35 0.55)
(0.45 0.35 0.55)
(0.55 0.35 0.55)
(-0.55 0.45 0.55)
(-0.45 0.45 0.55)
(-0.35 0.45 0.55)
(-0.25 0.45 0.55)
(-0.15 0.45 0.55)
(-0.05 0.45 0.55)
(0.05 0.45 0.55)
(0.15 0.45 0.55)
(0.25 0.45 0.55)
(0.35 0.45 0.55)
(0.45 0.45 0.55)
(0.55 0.45 0.55)
(-0.55 0.55 0.55)
(-0.45 0.55 0.55)
(-0.35 0.55 0.55)
(-0.25 0.55 0.55)
(-0.15 0.55 0.55)
(-0.05 0.55 0.55)
(0.05 0.55 0.55)
(0.15 0.55 0.55)
(0.25 0.55 0.55)
(0.35 0.55 0.55)
(0.45 0.55 0.55)
(0.55 0.55 0.55)
)


// ************************************************************************* //
