/*--------------------------------*- C++ -*----------------------------------*\
| =========                 |                                                 |
| \\      /  F ield         | OpenFOAM: The Open Source CFD Toolbox           |
|  \\    /   O peration     | Version:  2506                                  |
|   \\  /    A nd           | Website:  www.openfoam.com                      |
|    \\/     M anipulation  |                                                 |
\*---------------------------------------------------------------------------*/
FoamFile
{
    version     2.0;
    format      ascii;
    arch        "LSB;label=32;scalar=64";
    class       regIOobject;
    location    "1/polyMesh";
    object      faceZones;
    meta
    {
        names           1 ( inner-cylinder );
    }
}
// * * * * * * * * * * * * * * * * * * * * * * * * * * * * * * * * * * * * * //

1
(inner-cylinder
{
    type            faceZone;
    faceLabels      List<label> 
2512
(
12690
12691
12692
12696
12697
12704
12707
12791
12793
12799
12800
12809
12818
12819
12821
12823
12833
12927
12929
12930
12936
12942
12945
12952
13039
13041
13042
13048
13054
13057
13064
13149
13151
13152
13158
13164
13167
13174
13256
13258
13262
13269
13270
13273
13377
13383
14757
14759
14761
14767
14776
14785
14797
14879
14880
14881
14931
14933
15012
15014
15049
15052
15117
15119
15154
15157
15229
15231
15269
15272
15346
15348
15350
15488
15494
15503
15512
15523
16902
16908
16914
16920
16926
16932
16944
17017
17019
17022
17067
17145
17147
17186
17259
17261
17300
17370
17372
17411
17621
17627
17633
17639
17645
17651
17662
19034
19035
19036
19041
19050
19056
19062
19068
19074
19080
19086
19157
19211
19281
19329
19388
19436
19502
19550
19619
19621
19675
19740
19746
19755
19761
19767
19773
19779
19785
21148
21149
21154
21163
21169
21175
21181
21187
21193
21199
21269
21320
21389
21437
21496
21544
21609
21657
21727
21781
21847
21853
21862
21868
21874
21880
21886
21892
23261
23264
23268
23280
23286
23292
23298
23304
23310
23379
23380
23382
23384
23437
23508
23511
23556
23622
23625
23670
23733
23736
23784
23848
23849
23851
23985
23997
24003
24009
24015
24021
24027
25404
25410
25422
25428
25434
25440
25447
25526
25581
25583
25586
25658
25701
25703
25765
25808
25810
25876
25922
25924
26128
26134
26146
26152
26158
26164
26170
27538
27544
27550
27556
27563
27649
27651
27664
27697
27699
27705
27785
27787
27795
27818
27820
27901
27903
27911
27934
27936
28011
28013
28021
28047
28049
28269
28275
28281
28287
28293
29645
29651
29762
29771
29780
29887
29893
29899
29997
30003
30009
30108
30114
30120
30231
30237
42551
42557
42563
42592
42598
42604
42674
42692
42707
42713
42716
42731
42737
42740
42769
42790
42797
42809
42812
42815
42827
42830
42833
42848
42865
42872
42884
42887
42890
42902
42905
42908
42923
42949
42958
42977
42980
42986
43001
43004
43010
43036
43125
43129
43135
43163
43167
43173
43328
43335
43352
43370
43376
43393
43411
43417
43452
43457
43486
43504
43508
43509
43512
43591
43631
43692
43714
43731
43735
43750
43754
43756
43762
43769
43770
43846
43852
43853
43855
43886
43896
43903
43905
43914
43918
43921
43927
43931
43937
43939
43946
43947
43999
44000
44002
44020
44026
44029
44031
44035
44038
44044
44048
44054
44056
44063
44064
44116
44117
44119
44137
44143
44146
44148
44152
44155
44162
44173
44179
44181
44195
44201
44202
44205
44210
44215
44296
44297
44298
44305
44313
44343
44358
44361
44363
44368
44373
44423
44429
44433
44437
44458
44464
44476
44499
44505
44516
44517
44540
44546
44556
44582
44588
44625
44887
44906
44913
44926
44942
44952
44963
44973
44976
44987
44997
45000
45017
45029
45032
45071
45076
45105
45125
45126
45290
45292
45309
45311
45312
45369
45391
45408
45409
45412
45427
45431
45494
45527
45537
45541
45555
45562
45568
45569
45572
45578
45609
45628
45634
45639
45646
45652
45653
45656
45662
45693
45712
45718
45723
45730
45737
45738
45748
45754
45773
45825
45826
45870
45885
45890
45898
45950
45970
45971
45973
45998
46004
46017
46033
46043
46055
46067
46070
46082
46094
46097
46117
46129
46132
46141
46143
46150
46151
46173
46179
46216
46498
46524
46537
46553
46563
46571
46578
46581
46589
46596
46599
46607
46614
46617
46625
46632
46635
46652
46664
46667
46706
46781
46788
46789
46792
46970
46972
46992
46993
46996
47069
47082
47093
47094
47099
47122
47128
47129
47132
47140
47142
47157
47209
47214
47219
47220
47236
47237
47240
47247
47253
47287
47292
47297
47298
47314
47315
47318
47325
47331
47375
47381
47393
47394
47397
47418
47424
47434
47435
47444
47452
47460
47468
47469
47475
47570
47575
47595
47598
47600
47613
47629
47639
47648
47657
47660
47669
47678
47681
47690
47699
47702
47711
47720
47723
47743
47755
47758
47794
47796
47798
47805
47808
48140
48158
48165
48179
48186
48192
48200
48207
48210
48218
48225
48228
48236
48243
48246
48254
48261
48264
48272
48282
48285
48299
48317
48322
48338
48350
48363
48539
48547
48562
48617
48622
48630
48666
48672
48681
48707
48712
48717
48744
48750
48756
48779
48784
48789
48816
48822
48828
48851
48859
48864
48906
48915
48921
48957
48968
48980
48999
49016
49022
49037
49046
49052
49061
49070
49073
49082
49091
49094
49103
49112
49115
49124
49133
49136
49145
49157
49160
49171
49172
49184
49189
49194
49195
49499
49517
49524
49538
49545
49551
49559
49566
49569
49577
49584
49587
49595
49602
49605
49613
49620
49623
49631
49641
49644
49658
49676
49681
49697
49709
49722
49754
49898
49906
49907
49921
49923
49976
49981
49989
50025
50034
50043
50069
50074
50079
50106
50112
50118
50141
50146
50151
50178
50184
50190
50213
50221
50226
50265
50274
50283
50319
50330
50342
50361
50378
50379
50384
50399
50408
50414
50423
50432
50435
50444
50453
50456
50465
50474
50477
50486
50495
50498
50507
50519
50522
50533
50534
50546
50547
50551
50556
50557
50558
50861
50886
50904
50915
50921
50936
50943
50946
50954
50961
50964
50972
50979
50982
50990
50997
51000
51008
51026
51036
51068
51132
51314
51333
51335
51417
51445
51453
51457
51471
51478
51484
51493
51494
51496
51511
51515
51554
51570
51574
51579
51586
51590
51591
51593
51599
51626
51642
51646
51651
51658
51662
51663
51665
51671
51698
51734
51736
51747
51752
51760
51772
51777
51778
51779
51785
51787
51793
51812
51908
51911
51929
51947
51961
51967
51983
51992
51995
52004
52013
52016
52025
52034
52037
52046
52055
52058
52066
52087
52097
52102
52111
52121
52466
52491
52509
52520
52526
52541
52548
52554
52565
52572
52578
52589
52607
52617
52631
52649
52660
52730
52731
52738
52740
52742
52910
52911
52930
52932
52934
52978
52984
52985
52988
52996
53013
53056
53085
53086
53106
53108
53117
53118
53146
53147
53150
53157
53163
53183
53202
53203
53208
53210
53213
53214
53230
53231
53234
53241
53247
53267
53286
53287
53292
53294
53297
53298
53314
53315
53324
53332
53340
53348
53384
53385
53432
53433
53440
53441
53442
53456
53457
53460
53504
53547
53551
53552
53572
53574
53576
53594
53608
53614
53630
53639
53645
53657
53666
53672
53683
53704
53714
53737
53757
53758
53760
53768
53770
54080
54120
54137
54143
54158
54175
54181
54195
54224
54295
54297
54305
54306
54308
54337
54342
54348
54377
54378
54383
54387
54389
54416
54424
54426
54478
54484
54485
54488
54521
54531
54538
54541
54543
54549
54554
54572
54578
54581
54602
54608
54611
54613
54629
54633
54640
54647
54651
54653
54665
54666
54694
54695
54698
54718
54724
54728
54729
54734
54749
54752
54755
54770
54773
54776
54778
54783
54787
54792
54794
54800
54801
54817
54818
54821
54841
54847
54851
54852
54857
54872
54875
54878
54893
54896
54899
54901
54906
54910
54915
54917
54923
54924
54940
54941
54950
54958
54990
55005
55009
55010
55015
55020
55021
55027
55046
55049
55055
55076
55079
55085
55090
55096
55107
55112
55113
55114
55120
55127
55133
55134
55137
55181
55234
55241
55243
55251
55254
55269
55277
55281
55282
55287
55288
55304
55311
55312
55316
55317
55321
55322
55323
55334
55338
55348
58088
58090
58095
58104
58106
58114
58115
58127
58128
58131
58132
58137
58140
58143
58157
58158
58162
58167
58170
58173
58178
58185
58190
58191
58197
58203
58496
58497
58499
58500
58506
58507
58509
58512
58515
58526
58534
58539
58558
58559
58564
58565
58608
58617
58622
58634
58643
58648
58693
58695
58700
58701
58709
58714
58719
58732
58733
58741
58745
58747
58760
58769
58774
58788
58792
58793
58798
58799
58804
58807
58818
58823
58828
58829
58834
58837
58841
58848
58850
58852
58855
58864
58950
58959
58964
58969
58971
58976
58978
58979
58985
58988
58989
58991
58997
59046
59055
59060
59231
59232
59241
59242
59255
59265
59267
59271
59275
59277
59279
59284
59286
59287
59293
59296
59297
59299
59306
59474
59483
59488
59540
59549
59554
59566
59575
59580
59595
59603
59606
59607
59610
59613
59614
59615
59618
59627
59631
59637
59641
59646
59650
59681
59682
59685
59689
59691
59693
59704
59705
59708
59712
59714
59716
59720
59722
59726
59734
59736
59742
59743
59770
59771
59775
59777
59778
59779
59781
59782
59789
59791
59802
59810
59826
59827
59832
59833
59835
59837
59841
59843
59844
59850
59853
59855
59861
59862
59873
59878
59879
59885
59890
59891
59897
59898
59902
59908
59915
59924
59931
59935
59949
59953
59954
59957
59961
59965
59975
59979
59980
59985
59986
59992
60002
60006
60007
60010
60014
60018
60027
60028
60032
60033
60038
60039
60045
60046
60053
60057
60063
60071
60073
60074
60084
60088
60089
60094
60098
60107
60115
60120
60125
60127
60132
60133
60134
60139
60141
60143
60144
60149
60165
60169
60250
60254
60260
60268
60276
60280
60317
60322
60328
60335
60343
60347
60364
60369
60372
60373
60376
60379
60380
60383
60384
60395
60436
60437
60466
60467
60470
60472
60473
60475
60476
60483
60499
60500
60503
60504
60508
60510
60514
60516
60522
60525
60526
60533
60540
60541
60564
60567
60572
60580
60586
60589
60618
60619
60624
60628
60629
60632
60635
60643
60650
60654
60671
60674
60678
60680
60684
60685
60690
60693
60694
60700
60788
60793
60800
60847
60851
60857
60860
60863
60869
60871
60875
60883
60891
60896
60900
60907
60910
60911
60914
60921
60922
60933
60934
60938
60942
60950
60962
60965
60972
60974
60980
60984
60985
60991
60995
61012
61017
61024
61025
61035
61039
61049
61050
61056
61060
61061
61067
61071
61106
61107
61110
61114
61116
61118
61131
61134
61139
61140
61145
61147
61156
61157
61161
61167
61168
61171
61184
61187
61192
61193
61198
61200
61209
61210
61214
61220
61221
61224
61237
61241
61245
61246
61251
61254
61262
61263
61268
61273
61275
61277
61288
61289
61292
61296
61298
61300
61313
61316
61321
61322
61327
61329
61338
61339
61343
61347
61349
61350
61353
61366
61369
61374
61375
61380
61382
61391
61392
61395
61396
61402
61403
61406
61419
61423
61427
61428
61433
61436
61444
61445
61448
61450
61455
61457
61459
61470
61479
61484
61496
61505
61510
61516
61517
61520
61524
61526
61535
61538
61566
61572
61574
61578
61586
61603
61613
61616
61617
61619
61623
61632
61638
61643
61649
61652
61662
61664
61666
61670
61678
61680
61686
61687
61697
61707
61712
61717
61722
61728
61731
61741
61751
61761
61762
61768
61770
61773
61775
61778
61786
61792
61870
61879
61883
61892
61901
61905
61919
61925
61932
61941
61951
61956
61965
61973
61976
61978
61980
61985
61986
61987
61991
61993
61994
61995
62000
62008
62018
62031
62032
62103
62106
62107
62108
62112
62114
62132
62133
62143
62144
62145
62147
62148
62150
62152
62153
62165
62174
62205
62206
62207
62213
62214
62217
62219
62227
62236
62240
62254
62261
62267
62276
62286
62291
62301
62302
62303
62304
62310
62311
62312
62314
62315
62317
62318
62327
62328
62329
62331
62332
62333
62335
62336
62490
62495
62502
62505
62507
62511
62512
62516
62518
62519
62524
62526
62527
62530
62534
62545
62553
62559
62561
62565
62567
62570
62586
62590
62591
62594
62598
62602
62612
62616
62617
62622
62623
62629
62639
62643
62644
62647
62651
62655
62665
62669
62670
62673
62675
62676
62682
62699
62705
62709
62715
62717
62722
62727
62735
62736
62738
62742
62751
62782
62787
62792
62793
62802
62803
62805
62807
62808
62812
62831
62835
62839
62841
62845
62853
62861
62867
62873
62875
62877
62880
62887
62900
62904
62908
62909
62914
62917
62927
62932
62935
62936
62941
62943
62953
62957
62961
62962
62967
62970
62980
62983
62985
62988
62989
62994
62996
63010
63015
63017
63021
63025
63029
63035
63037
63041
63049
63054
63056
63059
63067
63073
63076
63077
63086
63087
63088
63090
63091
63092
63093
63096
75605
75607
75611
75616
75618
75623
75632
75635
75636
75641
75651
75655
75660
75663
75668
75672
75673
76882
76887
76888
77550
77551
77552
77557
77558
77559
77575
77576
77581
77582
77654
77659
77660
78669
78674
78675
79271
79273
79277
79278
79283
79286
79298
79305
79342
79347
79348
80389
80396
80399
81021
81022
81026
81030
82197
82204
82207
82824
82828
82832
83916
83922
83924
84505
84510
84512
84514
84557
84564
84566
85623
85628
85629
86206
86208
86212
86214
86218
86220
86222
86225
86297
86302
86303
87396
87403
87406
87415
87422
87425
87432
87438
87440
87752
87753
87762
87763
87780
87783
87784
87786
87790
87791
87795
87798
87799
87803
87882
87888
87890
99163
99170
99172
99253
99260
99262
99309
99310
99313
99314
99315
99317
99320
99322
99326
99329
99331
99332
99340
99343
99344
99347
99351
99355
99356
99359
99393
99397
99401
99409
99412
99416
99424
99428
99432
99440
99443
99447
99455
99459
99463
99470
99471
99474
99478
99486
99490
99494
99502
99505
99509
99511
99516
99519
99527
99528
99535
99537
99538
99540
99584
99586
99590
99591
99594
99596
99597
99600
99613
99615
99707
99713
99715
99716
99718
99721
99722
99729
99730
99734
99737
99757
99763
99765
99771
99774
99777
99784
99790
99792
99800
99806
99808
99814
99817
99820
99827
99833
99835
99843
99849
99851
99852
99854
99857
99861
99863
99866
99885
99890
99891
99926
99927
99930
99932
99933
99935
99940
99941
99950
99956
100018
100023
100024
100041
100044
100045
100051
100056
100057
100088
100089
100091
100092
100110
100112
100115
100119
100122
100125
100129
100130
100156
100157
100163
100164
100188
100191
100226
100228
100231
100235
100238
100241
100347
100350
100352
100353
100355
100357
100360
100366
100388
100393
100394
100411
100414
100415
100421
100422
100430
100435
100436
100451
100452
100454
100456
100458
100462
100511
100517
100519
100537
100540
100541
100547
100553
100555
100586
100587
100595
100596
100599
100601
100627
100631
100634
100635
100659
100662
100664
100665
100672
100675
100689
100693
100696
100697
100819
100821
100827
100835
100841
100843
100861
100864
100865
100866
100868
100871
100876
100883
100885
100892
100893
100902
100908
100910
101097
101103
101105
101113
101119
101121
101128
101132
101136
101143
101147
101151
101159
101165
101167
101174
101177
101180
101186
101190
101194
101259
101263
101266
101272
101277
101278
101284
101291
101292
101302
101306
101309
101318
101322
101325
101331
101338
101339
101346
101353
101354
101567
101573
101575
101583
101589
101591
101598
101602
101606
101613
101616
101617
101621
101629
101635
101637
101644
101647
101650
101656
101659
101660
101664
101729
101733
101736
101742
101747
101748
101754
101761
101762
101772
101776
101779
101788
101792
101795
101801
101807
101808
101809
101816
101823
101824
101925
101929
101931
101937
101942
101943
101949
101954
101955
102004
102007
102013
102019
102021
102024
102028
102030
102033
102066
102069
102075
102092
102095
102097
102099
102101
102105
102214
102217
102218
102220
102221
102223
102225
102227
102233
102252
102257
102258
102264
102269
102270
102273
102277
102280
102304
102308
102310
102311
102312
102314
102384
102387
102388
102394
102399
102400
102406
102411
102412
102422
102423
102430
102431
102433
102434
102435
102436
102464
102472
102488
102489
102493
102494
102518
102519
102520
102525
102526
102527
102544
102545
102552
102553
102555
102556
102557
102558
102698
102700
102704
102705
102708
102710
102711
102714
102753
102761
102770
102773
102774
102782
102783
102789
102794
102795
102801
102806
102807
102822
102825
102826
102827
102830
102831
102909
102912
102915
103013
103018
103023
103024
103031
103033
103035
103037
103090
103091
103093
103095
103098
103103
103111
103115
103117
103119
103129
103134
103135
103144
103148
103151
103161
103164
103166
103172
103177
103178
103187
103191
103194
103203
103204
103207
103209
103221
103223
103228
103232
103235
103242
103244
103246
103251
103254
103255
103262
103263
103265
103266
103267
103268
103388
103390
103393
103396
103398
103400
103438
103442
103444
103446
103447
103449
103452
103463
103467
103470
103472
103485
103488
103491
103500
103504
103506
103516
103519
103522
103531
103535
103537
103547
103550
103553
103562
103566
103568
103578
103581
103584
103593
103596
103597
103599
103610
103612
103624
103628
103632
103639
103640
103641
103644
)
;
    flipMap         List<bool> 
2512
(
0
0
0
0
0
1
1
1
1
1
0
0
0
0
0
0
1
1
1
0
0
0
0
1
1
1
0
0
0
0
1
1
1
0
0
0
0
1
0
0
0
1
1
1
1
1
1
1
0
0
0
0
0
0
0
0
1
1
0
0
1
1
0
0
1
1
0
0
1
1
1
1
1
1
1
1
1
1
0
0
0
0
0
0
0
1
1
1
0
1
1
0
1
1
0
1
1
0
1
1
1
1
1
1
1
0
0
0
0
0
0
0
0
0
0
1
0
1
0
1
0
1
0
1
0
0
1
1
1
1
1
1
1
1
1
0
0
0
0
0
0
0
0
0
1
0
1
0
1
0
1
0
1
0
1
1
1
1
1
1
1
1
1
1
1
0
0
0
0
0
0
0
0
0
0
0
1
0
0
1
0
0
1
0
0
1
1
1
1
1
1
1
1
1
1
1
0
0
0
0
0
0
0
1
0
0
0
1
0
0
1
0
0
1
0
0
1
1
1
1
1
1
1
0
0
0
0
0
1
1
0
0
0
0
1
1
0
0
0
1
1
0
0
0
1
1
0
0
0
1
1
1
1
1
1
1
1
1
1
1
1
1
1
1
1
1
1
1
1
1
1
1
1
1
1
1
1
1
1
1
1
1
1
1
1
1
1
1
1
1
1
1
1
1
1
1
1
1
1
1
1
1
1
1
1
1
1
1
1
1
1
1
1
1
1
1
1
1
1
1
1
1
1
1
1
1
1
1
0
1
1
1
1
0
1
0
1
1
1
0
1
1
0
1
1
1
1
0
1
1
0
0
1
0
1
1
1
1
1
1
1
1
1
0
1
1
0
1
0
1
1
1
1
1
1
1
1
1
0
1
1
0
1
0
1
1
1
1
1
1
0
1
1
1
0
0
1
0
0
1
1
1
0
1
0
0
1
0
1
1
1
0
0
0
0
0
0
0
0
0
1
0
0
0
1
1
1
1
1
1
1
1
1
1
1
1
1
1
1
1
1
0
1
1
1
1
1
1
1
0
1
1
1
1
0
1
0
1
0
0
0
1
1
1
1
1
0
1
0
0
1
1
1
1
1
0
1
0
0
1
1
1
1
1
0
0
0
1
0
0
0
0
1
1
0
0
0
0
0
0
0
0
0
0
0
0
0
0
0
1
1
1
1
0
0
0
1
1
1
1
1
1
1
1
1
1
1
1
1
1
1
1
1
1
1
1
1
1
1
1
1
1
1
1
1
1
1
1
1
1
0
1
1
0
1
0
0
0
1
1
1
1
1
0
1
0
0
1
1
1
1
1
0
1
0
0
1
1
1
1
1
0
0
1
0
1
1
0
0
0
0
0
1
1
1
0
0
0
0
0
0
0
0
0
0
0
0
0
0
0
0
0
0
0
1
1
0
1
1
1
1
1
1
1
1
1
1
1
1
1
1
1
1
1
1
1
1
1
1
1
1
1
1
1
1
1
0
0
0
1
1
1
0
0
0
1
1
1
0
0
0
1
1
1
0
0
0
1
1
1
0
0
0
1
1
1
0
0
0
0
0
0
0
0
0
0
0
0
0
0
0
0
0
0
0
0
0
0
0
0
0
0
0
1
1
1
1
1
1
1
1
1
1
1
1
1
1
1
1
1
1
1
1
1
1
1
1
1
1
1
0
0
0
0
0
0
1
1
1
0
0
0
1
1
1
0
0
0
1
1
1
0
0
0
1
1
1
0
0
0
1
1
1
0
0
0
0
0
0
0
0
0
0
0
0
0
0
0
0
0
0
0
0
0
0
0
0
0
0
0
0
0
0
1
1
1
1
1
1
1
1
1
1
1
1
1
1
1
1
1
1
1
1
1
1
1
1
1
1
0
1
1
1
0
0
0
0
0
1
0
1
0
1
1
0
0
0
0
0
1
0
1
1
0
0
0
0
0
1
0
0
1
1
1
0
0
0
0
0
0
0
1
1
0
0
0
0
0
0
0
0
0
0
0
0
0
0
0
0
0
0
0
0
1
1
0
1
1
1
1
1
1
1
1
1
1
1
1
1
1
1
1
0
1
1
1
1
1
1
1
1
1
1
0
0
1
0
1
1
0
0
0
0
0
0
0
0
1
0
1
1
0
0
0
0
0
0
0
0
1
0
1
1
0
0
0
0
0
0
0
0
1
0
0
1
1
0
0
0
0
0
0
0
0
0
0
0
0
1
1
1
1
0
0
0
0
0
0
0
0
0
0
0
0
0
0
1
1
0
1
1
1
1
1
1
1
1
1
1
0
1
1
1
1
1
0
0
0
0
0
0
0
0
1
1
1
0
0
1
0
0
1
1
0
0
1
0
0
0
0
0
0
0
0
0
0
0
1
0
0
0
0
0
1
0
0
1
0
1
0
0
0
0
0
0
0
0
0
0
0
0
0
0
0
1
0
0
1
0
1
0
0
0
0
0
0
0
0
0
0
0
0
0
0
0
1
0
0
0
1
0
1
1
0
0
0
0
0
0
0
0
0
0
0
0
0
0
0
0
1
0
0
0
0
0
1
1
1
1
0
0
0
0
0
0
0
0
0
0
0
0
0
0
0
1
1
0
0
1
1
1
0
1
0
0
0
0
0
0
0
0
0
0
0
0
0
0
1
1
1
0
0
0
0
1
1
0
0
0
0
0
0
0
0
1
1
1
1
1
1
1
1
1
1
0
0
1
1
1
1
0
0
0
0
0
0
1
1
1
0
0
0
0
0
0
0
0
0
0
0
0
0
0
0
1
1
1
0
0
0
0
1
1
0
0
0
0
0
0
0
0
1
1
1
1
1
1
1
0
0
0
0
0
1
1
0
0
0
0
0
0
0
0
1
1
1
1
1
1
1
1
1
1
1
1
1
0
0
0
0
0
0
0
1
1
0
0
0
0
0
0
0
0
0
0
0
0
0
0
0
0
1
1
1
0
1
1
1
0
0
0
0
0
0
0
0
1
1
1
1
1
1
1
1
0
0
0
0
0
0
0
0
1
1
1
1
0
0
1
1
1
0
0
0
0
0
0
0
0
0
0
0
0
0
0
0
0
0
0
0
0
0
0
0
0
0
0
0
0
0
0
0
1
1
0
0
0
0
1
1
1
1
0
0
0
0
1
1
0
0
0
0
0
0
0
0
1
1
1
1
1
1
1
1
1
1
1
1
1
1
1
1
1
1
0
0
0
0
0
0
1
1
1
1
0
0
0
0
0
0
1
1
1
1
1
1
0
0
0
0
0
0
1
1
0
0
0
0
0
0
1
1
0
0
0
0
0
0
0
0
1
1
1
1
0
0
0
0
0
0
1
1
1
0
1
0
1
0
0
0
1
1
0
0
1
0
1
1
0
0
0
1
1
1
1
0
0
0
0
0
1
1
1
0
0
0
0
0
0
1
1
0
0
1
1
1
0
0
0
0
0
0
0
0
0
0
0
0
0
0
0
0
0
0
0
0
0
0
0
0
0
0
0
0
0
0
0
0
0
0
0
0
0
0
0
0
0
0
0
0
0
0
0
0
0
0
0
0
0
0
0
0
0
0
0
0
0
0
0
0
0
0
0
0
0
0
0
0
0
0
0
0
0
0
0
0
0
0
0
0
0
0
0
0
0
1
1
1
1
1
1
0
0
1
1
1
0
1
0
0
1
1
0
0
0
0
0
1
1
0
0
1
0
1
0
0
0
1
1
1
0
1
0
0
0
0
1
0
1
0
0
0
0
0
0
0
0
1
1
0
1
1
1
1
1
1
1
1
1
1
1
1
1
1
1
1
1
0
0
0
0
0
0
0
0
1
1
1
1
0
0
1
1
0
0
1
1
0
0
0
0
0
0
0
0
1
1
0
1
1
0
0
0
0
0
0
0
0
0
0
0
0
0
0
0
1
1
0
0
0
0
0
1
1
0
0
0
0
0
0
0
0
1
1
1
1
1
0
0
0
0
0
0
0
0
1
1
0
0
0
1
1
1
0
0
0
0
0
0
0
0
0
0
0
0
0
0
0
0
0
0
0
0
0
0
0
0
0
0
0
0
0
0
1
1
0
0
0
1
1
0
1
1
1
1
0
0
0
0
0
0
0
0
0
0
1
1
0
0
0
1
1
1
0
0
0
0
0
0
0
0
0
0
0
0
0
0
0
0
0
0
0
0
0
0
0
0
0
0
0
0
0
0
0
0
0
1
1
0
0
0
1
1
0
1
1
0
0
0
0
0
0
0
0
0
0
1
1
1
1
0
0
0
0
0
0
0
0
1
1
1
0
0
0
0
1
1
0
0
0
1
1
1
1
1
1
1
0
0
0
0
0
1
1
1
1
0
0
1
1
1
0
0
0
0
0
0
0
0
0
0
0
0
0
0
0
0
0
1
1
1
1
1
1
0
0
0
1
1
0
0
0
0
0
0
1
1
1
0
0
0
0
0
0
0
0
0
1
1
1
1
0
0
1
1
0
0
0
0
0
0
1
1
1
1
1
1
1
1
1
1
1
1
1
1
1
0
0
0
0
0
0
1
1
1
1
0
1
1
1
0
0
0
0
0
0
0
0
0
0
0
0
0
0
0
0
0
0
0
0
0
0
0
0
0
0
1
1
0
0
1
1
1
1
1
1
0
0
0
0
0
0
1
1
1
1
1
1
0
0
0
0
0
1
1
0
0
0
0
0
0
0
0
0
0
0
0
0
0
0
0
0
0
0
0
0
0
0
1
1
1
1
0
0
0
1
1
0
0
0
0
0
0
1
1
1
1
1
1
1
1
1
1
1
1
1
1
1
1
1
0
0
0
0
1
1
1
1
0
0
1
1
1
1
0
0
0
0
1
1
1
1
0
0
0
0
0
0
0
0
0
0
1
1
0
0
0
1
1
0
0
0
0
1
1
1
1
1
1
1
1
1
0
0
1
1
1
1
0
1
1
1
0
0
0
0
1
1
0
1
1
1
0
1
1
0
0
0
0
0
0
0
0
1
1
0
1
1
1
0
0
0
0
0
0
0
0
0
0
0
0
0
0
0
0
0
0
0
0
0
0
0
0
0
0
0
0
0
0
0
0
0
0
0
0
0
0
0
0
0
0
0
0
0
0
0
0
0
0
0
0
0
0
0
0
0
0
0
0
0
0
0
0
0
0
0
0
0
0
0
0
0
0
0
0
0
0
0
0
0
0
0
0
0
0
0
0
0
0
1
1
1
1
1
1
1
1
1
0
1
1
0
0
1
1
1
1
0
1
1
0
0
0
0
1
1
0
0
0
0
0
1
1
1
1
0
0
0
0
0
0
0
1
1
0
0
0
0
1
1
1
1
1
1
1
1
1
1
1
1
1
0
0
0
0
0
0
1
1
1
1
0
0
0
1
1
0
0
0
1
1
0
0
0
0
0
0
1
1
0
0
0
0
0
0
1
1
0
0
0
1
1
0
0
0
0
0
0
0
0
1
1
0
0
1
1
1
1
1
1
1
0
0
0
0
0
0
0
0
1
1
0
1
1
1
0
0
0
0
0
0
0
0
0
0
0
0
0
0
0
0
0
0
0
0
0
0
1
1
0
0
1
1
1
1
0
0
0
0
0
0
1
1
0
0
0
0
0
0
0
0
0
1
1
0
1
1
1
0
0
0
0
0
0
0
0
0
0
0
0
0
0
0
0
0
0
0
0
0
0
0
0
0
0
0
0
1
1
0
0
1
1
)
;
}
)

// ************************************************************************* //
