/*--------------------------------*- C++ -*----------------------------------*\
| =========                 |                                                 |
| \\      /  F ield         | OpenFOAM: The Open Source CFD Toolbox           |
|  \\    /   O peration     | Version:  2506                                  |
|   \\  /    A nd           | Website:  www.openfoam.com                      |
|    \\/     M anipulation  |                                                 |
\*---------------------------------------------------------------------------*/
FoamFile
{
    version     2.0;
    format      ascii;
    arch        "LSB;label=32;scalar=64";
    class       vectorField;
    location    "1/polyMesh";
    object      points;
}
// * * * * * * * * * * * * * * * * * * * * * * * * * * * * * * * * * * * * * //


3133
(
(-0.05 -0.15 -0.2)
(0 -0.15 -0.2)
(0.05 -0.15 -0.2)
(-0.05 -0.1 -0.2)
(0 -0.1 -0.2)
(0.05 -0.1 -0.2)
(-0.05 -0.05 -0.2)
(0 -0.05 -0.2)
(0.05 -0.05 -0.2)
(-0.05 0 -0.2)
(0 0 -0.2)
(0.05 0 -0.2)
(-0.05 0.05 -0.2)
(0 0.05 -0.2)
(0.05 0.05 -0.2)
(-0.05 0.1 -0.2)
(0 0.1 -0.2)
(0.05 0.1 -0.2)
(-0.05 0.15 -0.2)
(0 0.15 -0.2)
(0.05 0.15 -0.2)
(-0.15 -0.15 -0.15)
(-0.1 -0.15 -0.15)
(-0.05 -0.15 -0.15)
(0 -0.15 -0.15)
(0.05 -0.15 -0.15)
(0.1 -0.15 -0.15)
(0.15 -0.15 -0.15)
(-0.15 -0.1 -0.15)
(-0.1 -0.1 -0.15)
(-0.05 -0.1 -0.15)
(0 -0.1 -0.15)
(0.05 -0.1 -0.15)
(0.1 -0.1 -0.15)
(0.15 -0.1 -0.15)
(-0.15 -0.05 -0.15)
(-0.1 -0.05 -0.15)
(-0.05 -0.05 -0.15)
(0 -0.05 -0.15)
(0.05 -0.05 -0.15)
(0.1 -0.05 -0.15)
(0.15 -0.05 -0.15)
(-0.15 0 -0.15)
(-0.1 -9.25186e-18 -0.15)
(-0.05 -9.25186e-18 -0.15)
(0 0 -0.15)
(0.05 0 -0.15)
(0.1 4.62593e-18 -0.15)
(0.15 0 -0.15)
(-0.15 0.05 -0.15)
(-0.1 0.05 -0.15)
(-0.05 0.05 -0.15)
(0 0.05 -0.15)
(0.05 0.05 -0.15)
(0.1 0.05 -0.15)
(0.15 0.05 -0.15)
(-0.15 0.1 -0.15)
(-0.1 0.1 -0.15)
(-0.05 0.1 -0.15)
(0 0.1 -0.15)
(0.05 0.1 -0.15)
(0.1 0.1 -0.15)
(0.15 0.1 -0.15)
(-0.15 0.15 -0.15)
(-0.1 0.15 -0.15)
(-0.05 0.15 -0.15)
(0 0.15 -0.15)
(0.05 0.15 -0.15)
(0.1 0.15 -0.15)
(0.15 0.15 -0.15)
(-0.15 -0.15 -0.1)
(-0.1 -0.15 -0.1)
(-0.05 -0.15 -0.1)
(0 -0.15 -0.1)
(0.05 -0.15 -0.1)
(0.1 -0.15 -0.1)
(0.15 -0.15 -0.1)
(-0.15 -0.1 -0.1)
(-0.1 -0.1 -0.1)
(-0.05 -0.1 -0.1)
(0 -0.1 -0.1)
(0.05 -0.1 -0.1)
(0.1 -0.1 -0.1)
(0.15 -0.1 -0.1)
(-0.15 -0.05 -0.1)
(-0.1 -0.05 -0.1)
(-0.05 -0.05 -0.1)
(0 -0.05 -0.1)
(0.05 -0.05 -0.1)
(0.1 -0.05 -0.1)
(0.15 -0.05 -0.1)
(-0.15 0 -0.1)
(-0.1 9.25186e-18 -0.1)
(-0.05 0 -0.1)
(0 0 -0.1)
(0.05 0 -0.1)
(0.1 4.62593e-18 -0.1)
(0.15 0 -0.1)
(-0.15 0.05 -0.1)
(-0.1 0.05 -0.1)
(-0.05 0.05 -0.1)
(0 0.05 -0.1)
(0.05 0.05 -0.1)
(0.1 0.05 -0.1)
(0.15 0.05 -0.1)
(-0.15 0.1 -0.1)
(-0.1 0.1 -0.1)
(-0.05 0.1 -0.1)
(0 0.1 -0.1)
(0.05 0.1 -0.1)
(0.1 0.1 -0.1)
(0.15 0.1 -0.1)
(-0.15 0.15 -0.1)
(-0.1 0.15 -0.1)
(-0.05 0.15 -0.1)
(0 0.15 -0.1)
(0.05 0.15 -0.1)
(0.1 0.15 -0.1)
(0.15 0.15 -0.1)
(-0.2 -0.15 -0.05)
(-0.15 -0.15 -0.05)
(-0.1 -0.15 -0.05)
(-0.05 -0.15 -0.05)
(0 -0.15 -0.05)
(0.05 -0.15 -0.05)
(0.1 -0.15 -0.05)
(0.15 -0.15 -0.05)
(0.2 -0.15 -0.05)
(-0.2 -0.1 -0.05)
(-0.15 -0.1 -0.05)
(-0.1 -0.1 -0.05)
(-0.05 -0.1 -0.05)
(0 -0.1 -0.05)
(0.05 -0.1 -0.05)
(0.1 -0.1 -0.05)
(0.15 -0.1 -0.05)
(0.2 -0.1 -0.05)
(-0.2 -0.05 -0.05)
(-0.15 -0.05 -0.05)
(-0.1 -0.05 -0.05)
(-0.05 -0.05 -0.05)
(0 -0.05 -0.05)
(0.05 -0.05 -0.05)
(0.1 -0.05 -0.05)
(0.15 -0.05 -0.05)
(0.2 -0.05 -0.05)
(-0.2 0 -0.05)
(-0.15 9.25186e-18 -0.05)
(-0.1 -9.25186e-18 -0.05)
(-0.05 0 -0.05)
(0 0 -0.05)
(0.05 0 -0.05)
(0.1 4.62593e-18 -0.05)
(0.15 -9.25186e-18 -0.05)
(0.2 -9.25186e-18 -0.05)
(-0.2 0.05 -0.05)
(-0.15 0.05 -0.05)
(-0.1 0.05 -0.05)
(-0.05 0.05 -0.05)
(0 0.05 -0.05)
(0.05 0.05 -0.05)
(0.1 0.05 -0.05)
(0.15 0.05 -0.05)
(0.2 0.05 -0.05)
(-0.2 0.1 -0.05)
(-0.15 0.1 -0.05)
(-0.1 0.1 -0.05)
(-0.05 0.1 -0.05)
(0 0.1 -0.05)
(0.05 0.1 -0.05)
(0.1 0.1 -0.05)
(0.15 0.1 -0.05)
(0.2 0.1 -0.05)
(-0.2 0.15 -0.05)
(-0.15 0.15 -0.05)
(-0.1 0.15 -0.05)
(-0.05 0.15 -0.05)
(0 0.15 -0.05)
(0.05 0.15 -0.05)
(0.1 0.15 -0.05)
(0.15 0.15 -0.05)
(0.2 0.15 -0.05)
(-0.2 -0.15 9.25186e-18)
(-0.15 -0.15 0)
(-0.1 -0.15 -9.25186e-18)
(-0.05 -0.15 9.25186e-18)
(0 -0.15 0)
(0.05 -0.15 0)
(0.1 -0.15 4.62593e-18)
(0.15 -0.15 0)
(0.2 -0.15 0)
(-0.2 -0.1 -9.25186e-18)
(-0.15 -0.1 0)
(-0.1 -0.1 9.25186e-18)
(-0.05 -0.1 0)
(0 -0.1 0)
(0.05 -0.1 0)
(0.1 -0.1 -1.38778e-17)
(0.15 -0.1 0)
(0.2 -0.1 0)
(-0.2 -0.05 0)
(-0.15 -0.05 -9.25186e-18)
(-0.1 -0.05 -9.25186e-18)
(-0.05 -0.05 0)
(0 -0.05 0)
(0.05 -0.05 0)
(0.1 -0.05 -1.38778e-17)
(0.15 -0.05 -9.25186e-18)
(0.2 -0.05 -9.25186e-18)
(-0.2 9.25186e-18 9.25186e-18)
(-0.15 0 0)
(-0.1 -9.25186e-18 -9.25186e-18)
(-0.05 -9.25186e-18 -9.25186e-18)
(0 0 0)
(0.05 0 0)
(0.1 4.62593e-18 4.62593e-18)
(0.15 0 0)
(0.2 0 0)
(-0.2 0.05 9.25186e-18)
(-0.15 0.05 0)
(-0.1 0.05 -9.25186e-18)
(-0.05 0.05 -9.25186e-18)
(0 0.05 0)
(0.05 0.05 0)
(0.1 0.05 4.62593e-18)
(0.15 0.05 0)
(0.2 0.05 0)
(-0.2 0.1 9.25186e-18)
(-0.15 0.1 0)
(-0.1 0.1 -9.25186e-18)
(-0.05 0.1 9.25186e-18)
(0 0.1 0)
(0.05 0.1 0)
(0.1 0.1 4.62593e-18)
(0.15 0.1 0)
(0.2 0.1 0)
(-0.2 0.15 9.25186e-18)
(-0.15 0.15 0)
(-0.1 0.15 -9.25186e-18)
(-0.05 0.15 -9.25186e-18)
(0 0.15 0)
(0.05 0.15 0)
(0.1 0.15 4.62593e-18)
(0.15 0.15 0)
(0.2 0.15 0)
(-0.2 -0.15 0.05)
(-0.15 -0.15 0.05)
(-0.1 -0.15 0.05)
(-0.05 -0.15 0.05)
(0 -0.15 0.05)
(0.05 -0.15 0.05)
(0.1 -0.15 0.05)
(0.15 -0.15 0.05)
(0.2 -0.15 0.05)
(-0.2 -0.1 0.05)
(-0.15 -0.1 0.05)
(-0.1 -0.1 0.05)
(-0.05 -0.1 0.05)
(0 -0.1 0.05)
(0.05 -0.1 0.05)
(0.1 -0.1 0.05)
(0.15 -0.1 0.05)
(0.2 -0.1 0.05)
(-0.2 -0.05 0.05)
(-0.15 -0.05 0.05)
(-0.1 -0.05 0.05)
(-0.05 -0.05 0.05)
(0 -0.05 0.05)
(0.05 -0.05 0.05)
(0.1 -0.05 0.05)
(0.15 -0.05 0.05)
(0.2 -0.05 0.05)
(-0.2 9.25186e-18 0.05)
(-0.15 0 0.05)
(-0.1 -9.25186e-18 0.05)
(-0.05 -9.25186e-18 0.05)
(0 0 0.05)
(0.05 0 0.05)
(0.1 4.62593e-18 0.05)
(0.15 0 0.05)
(0.2 0 0.05)
(-0.2 0.05 0.05)
(-0.15 0.05 0.05)
(-0.1 0.05 0.05)
(-0.05 0.05 0.05)
(0 0.05 0.05)
(0.05 0.05 0.05)
(0.1 0.05 0.05)
(0.15 0.05 0.05)
(0.2 0.05 0.05)
(-0.2 0.1 0.05)
(-0.15 0.1 0.05)
(-0.1 0.1 0.05)
(-0.05 0.1 0.05)
(0 0.1 0.05)
(0.05 0.1 0.05)
(0.1 0.1 0.05)
(0.15 0.1 0.05)
(0.2 0.1 0.05)
(-0.2 0.15 0.05)
(-0.15 0.15 0.05)
(-0.1 0.15 0.05)
(-0.05 0.15 0.05)
(0 0.15 0.05)
(0.05 0.15 0.05)
(0.1 0.15 0.05)
(0.15 0.15 0.05)
(0.2 0.15 0.05)
(-0.15 -0.15 0.1)
(-0.1 -0.15 0.1)
(-0.05 -0.15 0.1)
(0 -0.15 0.1)
(0.05 -0.15 0.1)
(0.1 -0.15 0.1)
(0.15 -0.15 0.1)
(-0.15 -0.1 0.1)
(-0.1 -0.1 0.1)
(-0.05 -0.1 0.1)
(0 -0.1 0.1)
(0.05 -0.1 0.1)
(0.1 -0.1 0.1)
(0.15 -0.1 0.1)
(-0.15 -0.05 0.1)
(-0.1 -0.05 0.1)
(-0.05 -0.05 0.1)
(0 -0.05 0.1)
(0.05 -0.05 0.1)
(0.1 -0.05 0.1)
(0.15 -0.05 0.1)
(-0.15 0 0.1)
(-0.1 -9.25186e-18 0.1)
(-0.05 -9.25186e-18 0.1)
(0 0 0.1)
(0.05 0 0.1)
(0.1 4.62593e-18 0.1)
(0.15 0 0.1)
(-0.15 0.05 0.1)
(-0.1 0.05 0.1)
(-0.05 0.05 0.1)
(0 0.05 0.1)
(0.05 0.05 0.1)
(0.1 0.05 0.1)
(0.15 0.05 0.1)
(-0.15 0.1 0.1)
(-0.1 0.1 0.1)
(-0.05 0.1 0.1)
(0 0.1 0.1)
(0.05 0.1 0.1)
(0.1 0.1 0.1)
(0.15 0.1 0.1)
(-0.15 0.15 0.1)
(-0.1 0.15 0.1)
(-0.05 0.15 0.1)
(0 0.15 0.1)
(0.05 0.15 0.1)
(0.1 0.15 0.1)
(0.15 0.15 0.1)
(-0.15 -0.15 0.15)
(-0.1 -0.15 0.15)
(-0.05 -0.15 0.15)
(0 -0.15 0.15)
(0.05 -0.15 0.15)
(0.1 -0.15 0.15)
(0.15 -0.15 0.15)
(-0.15 -0.1 0.15)
(-0.1 -0.1 0.15)
(-0.05 -0.1 0.15)
(0 -0.1 0.15)
(0.05 -0.1 0.15)
(0.1 -0.1 0.15)
(0.15 -0.1 0.15)
(-0.15 -0.05 0.15)
(-0.1 -0.05 0.15)
(-0.05 -0.05 0.15)
(0 -0.05 0.15)
(0.05 -0.05 0.15)
(0.1 -0.05 0.15)
(0.15 -0.05 0.15)
(-0.15 0 0.15)
(-0.1 -9.25186e-18 0.15)
(-0.05 -9.25186e-18 0.15)
(0 0 0.15)
(0.05 0 0.15)
(0.1 4.62593e-18 0.15)
(0.15 0 0.15)
(-0.15 0.05 0.15)
(-0.1 0.05 0.15)
(-0.05 0.05 0.15)
(0 0.05 0.15)
(0.05 0.05 0.15)
(0.1 0.05 0.15)
(0.15 0.05 0.15)
(-0.15 0.1 0.15)
(-0.1 0.1 0.15)
(-0.05 0.1 0.15)
(0 0.1 0.15)
(0.05 0.1 0.15)
(0.1 0.1 0.15)
(0.15 0.1 0.15)
(-0.15 0.15 0.15)
(-0.1 0.15 0.15)
(-0.05 0.15 0.15)
(0 0.15 0.15)
(0.05 0.15 0.15)
(0.1 0.15 0.15)
(0.15 0.15 0.15)
(-0.05 -0.15 0.2)
(0 -0.15 0.2)
(0.05 -0.15 0.2)
(-0.05 -0.1 0.2)
(0 -0.1 0.2)
(0.05 -0.1 0.2)
(-0.05 -0.05 0.2)
(0 -0.05 0.2)
(0.05 -0.05 0.2)
(-0.05 -9.25186e-18 0.2)
(0 0 0.2)
(0.05 0 0.2)
(-0.05 0.05 0.2)
(0 0.05 0.2)
(0.05 0.05 0.2)
(-0.05 0.1 0.2)
(0 0.1 0.2)
(0.05 0.1 0.2)
(-0.05 0.15 0.2)
(0 0.15 0.2)
(0.05 0.15 0.2)
(-0.125 -0.125 -0.175)
(-0.075 -0.125 -0.175)
(-0.025 -0.125 -0.175)
(0.025 -0.125 -0.175)
(0.075 -0.125 -0.175)
(0.125 -0.125 -0.175)
(-0.125 -0.075 -0.175)
(-0.075 -0.075 -0.175)
(-0.025 -0.075 -0.175)
(0.025 -0.075 -0.175)
(0.075 -0.075 -0.175)
(0.125 -0.075 -0.175)
(-0.125 -0.025 -0.175)
(-0.075 -0.025 -0.175)
(-0.025 -0.025 -0.175)
(0.025 -0.025 -0.175)
(0.075 -0.025 -0.175)
(0.125 -0.025 -0.175)
(-0.125 0.025 -0.175)
(-0.075 0.025 -0.175)
(-0.025 0.025 -0.175)
(0.025 0.025 -0.175)
(0.075 0.025 -0.175)
(0.125 0.025 -0.175)
(-0.125 0.075 -0.175)
(-0.075 0.075 -0.175)
(-0.025 0.075 -0.175)
(0.025 0.075 -0.175)
(0.075 0.075 -0.175)
(0.125 0.075 -0.175)
(-0.125 0.125 -0.175)
(-0.075 0.125 -0.175)
(-0.025 0.125 -0.175)
(0.025 0.125 -0.175)
(0.075 0.125 -0.175)
(0.125 0.125 -0.175)
(-0.175 -0.125 -0.125)
(-0.125 -0.125 -0.125)
(-0.075 -0.125 -0.125)
(-0.025 -0.125 -0.125)
(0.025 -0.125 -0.125)
(0.075 -0.125 -0.125)
(0.125 -0.125 -0.125)
(0.175 -0.125 -0.125)
(-0.175 -0.075 -0.125)
(-0.125 -0.075 -0.125)
(0.125 -0.075 -0.125)
(0.175 -0.075 -0.125)
(-0.175 -0.025 -0.125)
(-0.125 -0.025 -0.125)
(0.125 -0.025 -0.125)
(0.175 -0.025 -0.125)
(-0.175 0.025 -0.125)
(-0.125 0.025 -0.125)
(0.125 0.025 -0.125)
(0.175 0.025 -0.125)
(-0.175 0.075 -0.125)
(-0.125 0.075 -0.125)
(0.125 0.075 -0.125)
(0.175 0.075 -0.125)
(-0.175 0.125 -0.125)
(-0.125 0.125 -0.125)
(-0.075 0.125 -0.125)
(-0.025 0.125 -0.125)
(0.025 0.125 -0.125)
(0.075 0.125 -0.125)
(0.125 0.125 -0.125)
(0.175 0.125 -0.125)
(-0.175 -0.125 -0.075)
(-0.125 -0.125 -0.075)
(-0.075 -0.125 -0.075)
(-0.025 -0.125 -0.075)
(0.025 -0.125 -0.075)
(0.075 -0.125 -0.075)
(0.125 -0.125 -0.075)
(0.175 -0.125 -0.075)
(-0.175 -0.075 -0.075)
(0.175 -0.075 -0.075)
(-0.175 -0.025 -0.075)
(0.175 -0.025 -0.075)
(-0.175 0.025 -0.075)
(0.175 0.025 -0.075)
(-0.175 0.075 -0.075)
(0.175 0.075 -0.075)
(-0.175 0.125 -0.075)
(-0.125 0.125 -0.075)
(-0.075 0.125 -0.075)
(-0.025 0.125 -0.075)
(0.025 0.125 -0.075)
(0.075 0.125 -0.075)
(0.125 0.125 -0.075)
(0.175 0.125 -0.075)
(-0.175 -0.125 -0.025)
(-0.125 -0.125 -0.025)
(-0.075 -0.125 -0.025)
(-0.025 -0.125 -0.025)
(0.025 -0.125 -0.025)
(0.075 -0.125 -0.025)
(0.125 -0.125 -0.025)
(0.175 -0.125 -0.025)
(-0.175 -0.075 -0.025)
(0.175 -0.075 -0.025)
(-0.175 -0.025 -0.025)
(0.175 -0.025 -0.025)
(-0.175 0.025 -0.025)
(0.175 0.025 -0.025)
(-0.175 0.075 -0.025)
(0.175 0.075 -0.025)
(-0.175 0.125 -0.025)
(-0.125 0.125 -0.025)
(-0.075 0.125 -0.025)
(-0.025 0.125 -0.025)
(0.025 0.125 -0.025)
(0.075 0.125 -0.025)
(0.125 0.125 -0.025)
(0.175 0.125 -0.025)
(-0.175 -0.125 0.025)
(-0.125 -0.125 0.025)
(-0.075 -0.125 0.025)
(-0.025 -0.125 0.025)
(0.025 -0.125 0.025)
(0.075 -0.125 0.025)
(0.125 -0.125 0.025)
(0.175 -0.125 0.025)
(-0.175 -0.075 0.025)
(0.175 -0.075 0.025)
(-0.175 -0.025 0.025)
(0.175 -0.025 0.025)
(-0.175 0.025 0.025)
(0.175 0.025 0.025)
(-0.175 0.075 0.025)
(0.175 0.075 0.025)
(-0.175 0.125 0.025)
(-0.125 0.125 0.025)
(-0.075 0.125 0.025)
(-0.025 0.125 0.025)
(0.025 0.125 0.025)
(0.075 0.125 0.025)
(0.125 0.125 0.025)
(0.175 0.125 0.025)
(-0.175 -0.125 0.075)
(-0.125 -0.125 0.075)
(-0.075 -0.125 0.075)
(-0.025 -0.125 0.075)
(0.025 -0.125 0.075)
(0.075 -0.125 0.075)
(0.125 -0.125 0.075)
(0.175 -0.125 0.075)
(-0.175 -0.075 0.075)
(0.175 -0.075 0.075)
(-0.175 -0.025 0.075)
(0.175 -0.025 0.075)
(-0.175 0.025 0.075)
(0.175 0.025 0.075)
(-0.175 0.075 0.075)
(0.175 0.075 0.075)
(-0.175 0.125 0.075)
(-0.125 0.125 0.075)
(-0.075 0.125 0.075)
(-0.025 0.125 0.075)
(0.025 0.125 0.075)
(0.075 0.125 0.075)
(0.125 0.125 0.075)
(0.175 0.125 0.075)
(-0.175 -0.125 0.125)
(-0.125 -0.125 0.125)
(-0.075 -0.125 0.125)
(-0.025 -0.125 0.125)
(0.025 -0.125 0.125)
(0.075 -0.125 0.125)
(0.125 -0.125 0.125)
(0.175 -0.125 0.125)
(-0.175 -0.075 0.125)
(-0.125 -0.075 0.125)
(0.125 -0.075 0.125)
(0.175 -0.075 0.125)
(-0.175 -0.025 0.125)
(-0.125 -0.025 0.125)
(0.125 -0.025 0.125)
(0.175 -0.025 0.125)
(-0.175 0.025 0.125)
(-0.125 0.025 0.125)
(0.125 0.025 0.125)
(0.175 0.025 0.125)
(-0.175 0.075 0.125)
(-0.125 0.075 0.125)
(0.125 0.075 0.125)
(0.175 0.075 0.125)
(-0.175 0.125 0.125)
(-0.125 0.125 0.125)
(-0.075 0.125 0.125)
(-0.025 0.125 0.125)
(0.025 0.125 0.125)
(0.075 0.125 0.125)
(0.125 0.125 0.125)
(0.175 0.125 0.125)
(-0.125 -0.125 0.175)
(-0.075 -0.125 0.175)
(-0.025 -0.125 0.175)
(0.025 -0.125 0.175)
(0.075 -0.125 0.175)
(0.125 -0.125 0.175)
(-0.125 -0.075 0.175)
(-0.075 -0.075 0.175)
(-0.025 -0.075 0.175)
(0.025 -0.075 0.175)
(0.075 -0.075 0.175)
(0.125 -0.075 0.175)
(-0.125 -0.025 0.175)
(-0.075 -0.025 0.175)
(-0.025 -0.025 0.175)
(0.025 -0.025 0.175)
(0.075 -0.025 0.175)
(0.125 -0.025 0.175)
(-0.125 0.025 0.175)
(-0.075 0.025 0.175)
(-0.025 0.025 0.175)
(0.025 0.025 0.175)
(0.075 0.025 0.175)
(0.125 0.025 0.175)
(-0.125 0.075 0.175)
(-0.075 0.075 0.175)
(-0.025 0.075 0.175)
(0.025 0.075 0.175)
(0.075 0.075 0.175)
(0.125 0.075 0.175)
(-0.125 0.125 0.175)
(-0.075 0.125 0.175)
(-0.025 0.125 0.175)
(0.025 0.125 0.175)
(0.075 0.125 0.175)
(0.125 0.125 0.175)
(-0.075 -0.15 -0.2)
(-0.1 -0.15 -0.175)
(-0.025 -0.15 -0.2)
(-0.05 -0.125 -0.2)
(-0.05 -0.15 -0.175)
(0.025 -0.15 -0.2)
(0 -0.125 -0.2)
(0 -0.15 -0.175)
(0.075 -0.15 -0.2)
(0.05 -0.125 -0.2)
(0.05 -0.15 -0.175)
(0.1 -0.15 -0.175)
(-0.075 -0.1 -0.2)
(-0.1 -0.1 -0.175)
(-0.025 -0.1 -0.2)
(-0.05 -0.075 -0.2)
(-0.05 -0.1 -0.175)
(0.025 -0.1 -0.2)
(0 -0.075 -0.2)
(0 -0.1 -0.175)
(0.075 -0.1 -0.2)
(0.05 -0.075 -0.2)
(0.05 -0.1 -0.175)
(0.1 -0.1 -0.175)
(-0.075 -0.05 -0.2)
(-0.1 -0.05 -0.175)
(-0.025 -0.05 -0.2)
(-0.05 -0.025 -0.2)
(-0.05 -0.05 -0.175)
(0.025 -0.05 -0.2)
(0 -0.025 -0.2)
(0 -0.05 -0.175)
(0.075 -0.05 -0.2)
(0.05 -0.025 -0.2)
(0.05 -0.05 -0.175)
(0.1 -0.05 -0.175)
(-0.075 -4.62593e-18 -0.2)
(-0.1 -9.25186e-18 -0.175)
(-0.025 0 -0.2)
(-0.05 0.025 -0.2)
(-0.05 -4.62593e-18 -0.175)
(0.025 0 -0.2)
(0 0.025 -0.2)
(0 0 -0.175)
(0.075 2.31296e-18 -0.2)
(0.05 0.025 -0.2)
(0.05 0 -0.175)
(0.1 4.62593e-18 -0.175)
(-0.075 0.05 -0.2)
(-0.1 0.05 -0.175)
(-0.025 0.05 -0.2)
(-0.05 0.075 -0.2)
(-0.05 0.05 -0.175)
(0.025 0.05 -0.2)
(0 0.075 -0.2)
(0 0.05 -0.175)
(0.075 0.05 -0.2)
(0.05 0.075 -0.2)
(0.05 0.05 -0.175)
(0.1 0.05 -0.175)
(-0.075 0.1 -0.2)
(-0.1 0.1 -0.175)
(-0.025 0.1 -0.2)
(-0.05 0.125 -0.2)
(-0.05 0.1 -0.175)
(0.025 0.1 -0.2)
(0 0.125 -0.2)
(0 0.1 -0.175)
(0.075 0.1 -0.2)
(0.05 0.125 -0.2)
(0.05 0.1 -0.175)
(0.1 0.1 -0.175)
(-0.075 0.15 -0.2)
(-0.1 0.15 -0.175)
(-0.025 0.15 -0.2)
(-0.05 0.15 -0.175)
(0.025 0.15 -0.2)
(0 0.15 -0.175)
(0.075 0.15 -0.2)
(0.05 0.15 -0.175)
(0.1 0.15 -0.175)
(-0.125 -0.15 -0.15)
(-0.15 -0.125 -0.15)
(-0.15 -0.15 -0.125)
(-0.075 -0.15 -0.15)
(-0.1 -0.125 -0.15)
(-0.1 -0.15 -0.125)
(-0.025 -0.15 -0.15)
(-0.05 -0.125 -0.15)
(-0.05 -0.15 -0.125)
(0.025 -0.15 -0.15)
(0 -0.125 -0.15)
(0 -0.15 -0.125)
(0.075 -0.15 -0.15)
(0.05 -0.125 -0.15)
(0.05 -0.15 -0.125)
(0.125 -0.15 -0.15)
(0.1 -0.125 -0.15)
(0.1 -0.15 -0.125)
(0.15 -0.125 -0.15)
(0.15 -0.15 -0.125)
(-0.125 -0.1 -0.15)
(-0.15 -0.075 -0.15)
(-0.15 -0.1 -0.125)
(-0.075 -0.1 -0.15)
(-0.1 -0.075 -0.15)
(-0.1 -0.1 -0.125)
(-0.025 -0.1 -0.15)
(-0.05 -0.075 -0.15)
(-0.05 -0.1 -0.125)
(0.025 -0.1 -0.15)
(0 -0.075 -0.15)
(0 -0.1 -0.125)
(0.075 -0.1 -0.15)
(0.05 -0.075 -0.15)
(0.05 -0.1 -0.125)
(0.125 -0.1 -0.15)
(0.1 -0.075 -0.15)
(0.1 -0.1 -0.125)
(0.15 -0.075 -0.15)
(0.15 -0.1 -0.125)
(-0.125 -0.05 -0.15)
(-0.15 -0.025 -0.15)
(-0.15 -0.05 -0.125)
(-0.075 -0.05 -0.15)
(-0.1 -0.025 -0.15)
(-0.1 -0.05 -0.125)
(-0.025 -0.05 -0.15)
(-0.05 -0.025 -0.15)
(0.025 -0.05 -0.15)
(0 -0.025 -0.15)
(0.075 -0.05 -0.15)
(0.05 -0.025 -0.15)
(0.125 -0.05 -0.15)
(0.1 -0.025 -0.15)
(0.1 -0.05 -0.125)
(0.15 -0.025 -0.15)
(0.15 -0.05 -0.125)
(-0.125 -4.62593e-18 -0.15)
(-0.15 0.025 -0.15)
(-0.15 0 -0.125)
(-0.075 -9.25186e-18 -0.15)
(-0.1 0.025 -0.15)
(-0.1 0 -0.125)
(-0.025 -4.62593e-18 -0.15)
(-0.05 0.025 -0.15)
(0.025 0 -0.15)
(0 0.025 -0.15)
(0.075 2.31296e-18 -0.15)
(0.05 0.025 -0.15)
(0.125 2.31296e-18 -0.15)
(0.1 0.025 -0.15)
(0.1 4.62593e-18 -0.125)
(0.15 0.025 -0.15)
(0.15 0 -0.125)
(-0.125 0.05 -0.15)
(-0.15 0.075 -0.15)
(-0.15 0.05 -0.125)
(-0.075 0.05 -0.15)
(-0.1 0.075 -0.15)
(-0.1 0.05 -0.125)
(-0.025 0.05 -0.15)
(-0.05 0.075 -0.15)
(0.025 0.05 -0.15)
(0 0.075 -0.15)
(0.075 0.05 -0.15)
(0.05 0.075 -0.15)
(0.125 0.05 -0.15)
(0.1 0.075 -0.15)
(0.1 0.05 -0.125)
(0.15 0.075 -0.15)
(0.15 0.05 -0.125)
(-0.125 0.1 -0.15)
(-0.15 0.125 -0.15)
(-0.15 0.1 -0.125)
(-0.075 0.1 -0.15)
(-0.1 0.125 -0.15)
(-0.1 0.1 -0.125)
(-0.025 0.1 -0.15)
(-0.05 0.125 -0.15)
(-0.05 0.1 -0.125)
(0.025 0.1 -0.15)
(0 0.125 -0.15)
(0 0.1 -0.125)
(0.075 0.1 -0.15)
(0.05 0.125 -0.15)
(0.05 0.1 -0.125)
(0.125 0.1 -0.15)
(0.1 0.125 -0.15)
(0.1 0.1 -0.125)
(0.15 0.125 -0.15)
(0.15 0.1 -0.125)
(-0.125 0.15 -0.15)
(-0.15 0.15 -0.125)
(-0.075 0.15 -0.15)
(-0.1 0.15 -0.125)
(-0.025 0.15 -0.15)
(-0.05 0.15 -0.125)
(0.025 0.15 -0.15)
(0 0.15 -0.125)
(0.075 0.15 -0.15)
(0.05 0.15 -0.125)
(0.125 0.15 -0.15)
(0.1 0.15 -0.125)
(0.15 0.15 -0.125)
(-0.175 -0.15 -0.1)
(-0.2 -0.15 -0.075)
(-0.125 -0.15 -0.1)
(-0.15 -0.125 -0.1)
(-0.15 -0.15 -0.075)
(-0.075 -0.15 -0.1)
(-0.1 -0.125 -0.1)
(-0.1 -0.15 -0.075)
(-0.025 -0.15 -0.1)
(-0.05 -0.125 -0.1)
(-0.05 -0.15 -0.075)
(0.025 -0.15 -0.1)
(0 -0.125 -0.1)
(0 -0.15 -0.075)
(0.075 -0.15 -0.1)
(0.05 -0.125 -0.1)
(0.05 -0.15 -0.075)
(0.125 -0.15 -0.1)
(0.1 -0.125 -0.1)
(0.1 -0.15 -0.075)
(0.175 -0.15 -0.1)
(0.15 -0.125 -0.1)
(0.15 -0.15 -0.075)
(0.2 -0.15 -0.075)
(-0.175 -0.1 -0.1)
(-0.2 -0.1 -0.075)
(-0.125 -0.1 -0.1)
(-0.15 -0.075 -0.1)
(-0.15 -0.1 -0.075)
(-0.075 -0.1 -0.1)
(-0.1 -0.075 -0.1)
(-0.1 -0.1 -0.075)
(-0.025 -0.1 -0.1)
(-0.05 -0.1 -0.075)
(0.025 -0.1 -0.1)
(0 -0.1 -0.075)
(0.075 -0.1 -0.1)
(0.05 -0.1 -0.075)
(0.125 -0.1 -0.1)
(0.1 -0.075 -0.1)
(0.1 -0.1 -0.075)
(0.175 -0.1 -0.1)
(0.15 -0.075 -0.1)
(0.15 -0.1 -0.075)
(0.2 -0.1 -0.075)
(-0.175 -0.05 -0.1)
(-0.2 -0.05 -0.075)
(-0.125 -0.05 -0.1)
(-0.15 -0.025 -0.1)
(-0.15 -0.05 -0.075)
(-0.1 -0.025 -0.1)
(0.125 -0.05 -0.1)
(0.1 -0.025 -0.1)
(0.175 -0.05 -0.1)
(0.15 -0.025 -0.1)
(0.15 -0.05 -0.075)
(0.2 -0.05 -0.075)
(-0.175 4.62593e-18 -0.1)
(-0.2 4.62593e-18 -0.075)
(-0.125 4.62593e-18 -0.1)
(-0.15 0.025 -0.1)
(-0.15 4.62593e-18 -0.075)
(-0.1 0.025 -0.1)
(0.125 2.31296e-18 -0.1)
(0.1 0.025 -0.1)
(0.175 0 -0.1)
(0.15 0.025 -0.1)
(0.15 -4.62593e-18 -0.075)
(0.2 -4.62593e-18 -0.075)
(-0.175 0.05 -0.1)
(-0.2 0.05 -0.075)
(-0.125 0.05 -0.1)
(-0.15 0.075 -0.1)
(-0.15 0.05 -0.075)
(-0.1 0.075 -0.1)
(0.125 0.05 -0.1)
(0.1 0.075 -0.1)
(0.175 0.05 -0.1)
(0.15 0.075 -0.1)
(0.15 0.05 -0.075)
(0.2 0.05 -0.075)
(-0.175 0.1 -0.1)
(-0.2 0.1 -0.075)
(-0.125 0.1 -0.1)
(-0.15 0.125 -0.1)
(-0.15 0.1 -0.075)
(-0.075 0.1 -0.1)
(-0.1 0.125 -0.1)
(-0.1 0.1 -0.075)
(-0.025 0.1 -0.1)
(-0.05 0.125 -0.1)
(-0.05 0.1 -0.075)
(0.025 0.1 -0.1)
(0 0.125 -0.1)
(0 0.1 -0.075)
(0.075 0.1 -0.1)
(0.05 0.125 -0.1)
(0.05 0.1 -0.075)
(0.125 0.1 -0.1)
(0.1 0.125 -0.1)
(0.1 0.1 -0.075)
(0.175 0.1 -0.1)
(0.15 0.125 -0.1)
(0.15 0.1 -0.075)
(0.2 0.1 -0.075)
(-0.175 0.15 -0.1)
(-0.2 0.15 -0.075)
(-0.125 0.15 -0.1)
(-0.15 0.15 -0.075)
(-0.075 0.15 -0.1)
(-0.1 0.15 -0.075)
(-0.025 0.15 -0.1)
(-0.05 0.15 -0.075)
(0.025 0.15 -0.1)
(0 0.15 -0.075)
(0.075 0.15 -0.1)
(0.05 0.15 -0.075)
(0.125 0.15 -0.1)
(0.1 0.15 -0.075)
(0.175 0.15 -0.1)
(0.15 0.15 -0.075)
(0.2 0.15 -0.075)
(-0.175 -0.15 -0.05)
(-0.2 -0.125 -0.05)
(-0.2 -0.15 -0.025)
(-0.125 -0.15 -0.05)
(-0.15 -0.125 -0.05)
(-0.15 -0.15 -0.025)
(-0.075 -0.15 -0.05)
(-0.1 -0.125 -0.05)
(-0.1 -0.15 -0.025)
(-0.025 -0.15 -0.05)
(-0.05 -0.125 -0.05)
(-0.05 -0.15 -0.025)
(0.025 -0.15 -0.05)
(0 -0.125 -0.05)
(0 -0.15 -0.025)
(0.075 -0.15 -0.05)
(0.05 -0.125 -0.05)
(0.05 -0.15 -0.025)
(0.125 -0.15 -0.05)
(0.1 -0.125 -0.05)
(0.1 -0.15 -0.025)
(0.175 -0.15 -0.05)
(0.15 -0.125 -0.05)
(0.15 -0.15 -0.025)
(0.2 -0.125 -0.05)
(0.2 -0.15 -0.025)
(-0.175 -0.1 -0.05)
(-0.2 -0.075 -0.05)
(-0.2 -0.1 -0.025)
(-0.125 -0.1 -0.05)
(-0.15 -0.075 -0.05)
(-0.15 -0.1 -0.025)
(-0.075 -0.1 -0.05)
(-0.1 -0.1 -0.025)
(-0.025 -0.1 -0.05)
(-0.05 -0.1 -0.025)
(0.025 -0.1 -0.05)
(0 -0.1 -0.025)
(0.075 -0.1 -0.05)
(0.05 -0.1 -0.025)
(0.125 -0.1 -0.05)
(0.1 -0.1 -0.025)
(0.175 -0.1 -0.05)
(0.15 -0.075 -0.05)
(0.15 -0.1 -0.025)
(0.2 -0.075 -0.05)
(0.2 -0.1 -0.025)
(-0.175 -0.05 -0.05)
(-0.2 -0.025 -0.05)
(-0.2 -0.05 -0.025)
(-0.15 -0.025 -0.05)
(-0.15 -0.05 -0.025)
(0.175 -0.05 -0.05)
(0.15 -0.025 -0.05)
(0.15 -0.05 -0.025)
(0.2 -0.025 -0.05)
(0.2 -0.05 -0.025)
(-0.175 4.62593e-18 -0.05)
(-0.2 0.025 -0.05)
(-0.2 4.62593e-18 -0.025)
(-0.15 0.025 -0.05)
(-0.15 4.62593e-18 -0.025)
(0.175 -9.25186e-18 -0.05)
(0.15 0.025 -0.05)
(0.15 -4.62593e-18 -0.025)
(0.2 0.025 -0.05)
(0.2 -4.62593e-18 -0.025)
(-0.175 0.05 -0.05)
(-0.2 0.075 -0.05)
(-0.2 0.05 -0.025)
(-0.15 0.075 -0.05)
(-0.15 0.05 -0.025)
(0.175 0.05 -0.05)
(0.15 0.075 -0.05)
(0.15 0.05 -0.025)
(0.2 0.075 -0.05)
(0.2 0.05 -0.025)
(-0.175 0.1 -0.05)
(-0.2 0.125 -0.05)
(-0.2 0.1 -0.025)
(-0.125 0.1 -0.05)
(-0.15 0.125 -0.05)
(-0.15 0.1 -0.025)
(-0.075 0.1 -0.05)
(-0.1 0.125 -0.05)
(-0.1 0.1 -0.025)
(-0.025 0.1 -0.05)
(-0.05 0.125 -0.05)
(-0.05 0.1 -0.025)
(0.025 0.1 -0.05)
(0 0.125 -0.05)
(0 0.1 -0.025)
(0.075 0.1 -0.05)
(0.05 0.125 -0.05)
(0.05 0.1 -0.025)
(0.125 0.1 -0.05)
(0.1 0.125 -0.05)
(0.1 0.1 -0.025)
(0.175 0.1 -0.05)
(0.15 0.125 -0.05)
(0.15 0.1 -0.025)
(0.2 0.125 -0.05)
(0.2 0.1 -0.025)
(-0.175 0.15 -0.05)
(-0.2 0.15 -0.025)
(-0.125 0.15 -0.05)
(-0.15 0.15 -0.025)
(-0.075 0.15 -0.05)
(-0.1 0.15 -0.025)
(-0.025 0.15 -0.05)
(-0.05 0.15 -0.025)
(0.025 0.15 -0.05)
(0 0.15 -0.025)
(0.075 0.15 -0.05)
(0.05 0.15 -0.025)
(0.125 0.15 -0.05)
(0.1 0.15 -0.025)
(0.175 0.15 -0.05)
(0.15 0.15 -0.025)
(0.2 0.15 -0.025)
(-0.175 -0.15 4.62593e-18)
(-0.2 -0.125 0)
(-0.2 -0.15 0.025)
(-0.125 -0.15 -4.62593e-18)
(-0.15 -0.125 0)
(-0.15 -0.15 0.025)
(-0.075 -0.15 0)
(-0.1 -0.125 0)
(-0.1 -0.15 0.025)
(-0.025 -0.15 4.62593e-18)
(-0.05 -0.125 4.62593e-18)
(-0.05 -0.15 0.025)
(0.025 -0.15 0)
(0 -0.125 0)
(0 -0.15 0.025)
(0.075 -0.15 2.31296e-18)
(0.05 -0.125 0)
(0.05 -0.15 0.025)
(0.125 -0.15 2.31296e-18)
(0.1 -0.125 -4.62593e-18)
(0.1 -0.15 0.025)
(0.175 -0.15 0)
(0.15 -0.125 0)
(0.15 -0.15 0.025)
(0.2 -0.125 0)
(0.2 -0.15 0.025)
(-0.175 -0.1 -4.62593e-18)
(-0.2 -0.075 -4.62593e-18)
(-0.2 -0.1 0.025)
(-0.125 -0.1 4.62593e-18)
(-0.15 -0.075 -4.62593e-18)
(-0.15 -0.1 0.025)
(-0.075 -0.1 4.62593e-18)
(-0.1 -0.1 0.025)
(-0.025 -0.1 0)
(-0.05 -0.1 0.025)
(0.025 -0.1 0)
(0 -0.1 0.025)
(0.075 -0.1 -6.93889e-18)
(0.05 -0.1 0.025)
(0.125 -0.1 -6.93889e-18)
(0.1 -0.1 0.025)
(0.175 -0.1 0)
(0.15 -0.075 -4.62593e-18)
(0.15 -0.1 0.025)
(0.2 -0.075 -4.62593e-18)
(0.2 -0.1 0.025)
(-0.175 -0.05 -4.62593e-18)
(-0.2 -0.025 4.62593e-18)
(-0.2 -0.05 0.025)
(-0.15 -0.025 -4.62593e-18)
(-0.15 -0.05 0.025)
(0.175 -0.05 -9.25186e-18)
(0.15 -0.025 -4.62593e-18)
(0.15 -0.05 0.025)
(0.2 -0.025 -4.62593e-18)
(0.2 -0.05 0.025)
(-0.175 4.62593e-18 4.62593e-18)
(-0.2 0.025 9.25186e-18)
(-0.2 9.25186e-18 0.025)
(-0.15 0.025 0)
(-0.15 0 0.025)
(0.175 0 0)
(0.15 0.025 0)
(0.15 0 0.025)
(0.2 0.025 0)
(0.2 0 0.025)
(-0.175 0.05 4.62593e-18)
(-0.2 0.075 9.25186e-18)
(-0.2 0.05 0.025)
(-0.15 0.075 0)
(-0.15 0.05 0.025)
(0.175 0.05 0)
(0.15 0.075 0)
(0.15 0.05 0.025)
(0.2 0.075 0)
(0.2 0.05 0.025)
(-0.175 0.1 4.62593e-18)
(-0.2 0.125 9.25186e-18)
(-0.2 0.1 0.025)
(-0.125 0.1 -4.62593e-18)
(-0.15 0.125 0)
(-0.15 0.1 0.025)
(-0.075 0.1 0)
(-0.1 0.125 -9.25186e-18)
(-0.1 0.1 0.025)
(-0.025 0.1 4.62593e-18)
(-0.05 0.125 0)
(-0.05 0.1 0.025)
(0.025 0.1 0)
(0 0.125 0)
(0 0.1 0.025)
(0.075 0.1 2.31296e-18)
(0.05 0.125 0)
(0.05 0.1 0.025)
(0.125 0.1 2.31296e-18)
(0.1 0.125 4.62593e-18)
(0.1 0.1 0.025)
(0.175 0.1 0)
(0.15 0.125 0)
(0.15 0.1 0.025)
(0.2 0.125 0)
(0.2 0.1 0.025)
(-0.175 0.15 4.62593e-18)
(-0.2 0.15 0.025)
(-0.125 0.15 -4.62593e-18)
(-0.15 0.15 0.025)
(-0.075 0.15 -9.25186e-18)
(-0.1 0.15 0.025)
(-0.025 0.15 -4.62593e-18)
(-0.05 0.15 0.025)
(0.025 0.15 0)
(0 0.15 0.025)
(0.075 0.15 2.31296e-18)
(0.05 0.15 0.025)
(0.125 0.15 2.31296e-18)
(0.1 0.15 0.025)
(0.175 0.15 0)
(0.15 0.15 0.025)
(0.2 0.15 0.025)
(-0.175 -0.15 0.05)
(-0.2 -0.125 0.05)
(-0.2 -0.15 0.075)
(-0.125 -0.15 0.05)
(-0.15 -0.125 0.05)
(-0.15 -0.15 0.075)
(-0.075 -0.15 0.05)
(-0.1 -0.125 0.05)
(-0.1 -0.15 0.075)
(-0.025 -0.15 0.05)
(-0.05 -0.125 0.05)
(-0.05 -0.15 0.075)
(0.025 -0.15 0.05)
(0 -0.125 0.05)
(0 -0.15 0.075)
(0.075 -0.15 0.05)
(0.05 -0.125 0.05)
(0.05 -0.15 0.075)
(0.125 -0.15 0.05)
(0.1 -0.125 0.05)
(0.1 -0.15 0.075)
(0.175 -0.15 0.05)
(0.15 -0.125 0.05)
(0.15 -0.15 0.075)
(0.2 -0.125 0.05)
(0.2 -0.15 0.075)
(-0.175 -0.1 0.05)
(-0.2 -0.075 0.05)
(-0.2 -0.1 0.075)
(-0.125 -0.1 0.05)
(-0.15 -0.075 0.05)
(-0.15 -0.1 0.075)
(-0.075 -0.1 0.05)
(-0.1 -0.1 0.075)
(-0.025 -0.1 0.05)
(-0.05 -0.1 0.075)
(0.025 -0.1 0.05)
(0 -0.1 0.075)
(0.075 -0.1 0.05)
(0.05 -0.1 0.075)
(0.125 -0.1 0.05)
(0.1 -0.1 0.075)
(0.175 -0.1 0.05)
(0.15 -0.075 0.05)
(0.15 -0.1 0.075)
(0.2 -0.075 0.05)
(0.2 -0.1 0.075)
(-0.175 -0.05 0.05)
(-0.2 -0.025 0.05)
(-0.2 -0.05 0.075)
(-0.15 -0.025 0.05)
(-0.15 -0.05 0.075)
(0.175 -0.05 0.05)
(0.15 -0.025 0.05)
(0.15 -0.05 0.075)
(0.2 -0.025 0.05)
(0.2 -0.05 0.075)
(-0.175 4.62593e-18 0.05)
(-0.2 0.025 0.05)
(-0.2 9.25186e-18 0.075)
(-0.15 0.025 0.05)
(-0.15 0 0.075)
(0.175 0 0.05)
(0.15 0.025 0.05)
(0.15 0 0.075)
(0.2 0.025 0.05)
(0.2 0 0.075)
(-0.175 0.05 0.05)
(-0.2 0.075 0.05)
(-0.2 0.05 0.075)
(-0.15 0.075 0.05)
(-0.15 0.05 0.075)
(0.175 0.05 0.05)
(0.15 0.075 0.05)
(0.15 0.05 0.075)
(0.2 0.075 0.05)
(0.2 0.05 0.075)
(-0.175 0.1 0.05)
(-0.2 0.125 0.05)
(-0.2 0.1 0.075)
(-0.125 0.1 0.05)
(-0.15 0.125 0.05)
(-0.15 0.1 0.075)
(-0.075 0.1 0.05)
(-0.1 0.125 0.05)
(-0.1 0.1 0.075)
(-0.025 0.1 0.05)
(-0.05 0.125 0.05)
(-0.05 0.1 0.075)
(0.025 0.1 0.05)
(0 0.125 0.05)
(0 0.1 0.075)
(0.075 0.1 0.05)
(0.05 0.125 0.05)
(0.05 0.1 0.075)
(0.125 0.1 0.05)
(0.1 0.125 0.05)
(0.1 0.1 0.075)
(0.175 0.1 0.05)
(0.15 0.125 0.05)
(0.15 0.1 0.075)
(0.2 0.125 0.05)
(0.2 0.1 0.075)
(-0.175 0.15 0.05)
(-0.2 0.15 0.075)
(-0.125 0.15 0.05)
(-0.15 0.15 0.075)
(-0.075 0.15 0.05)
(-0.1 0.15 0.075)
(-0.025 0.15 0.05)
(-0.05 0.15 0.075)
(0.025 0.15 0.05)
(0 0.15 0.075)
(0.075 0.15 0.05)
(0.05 0.15 0.075)
(0.125 0.15 0.05)
(0.1 0.15 0.075)
(0.175 0.15 0.05)
(0.15 0.15 0.075)
(0.2 0.15 0.075)
(-0.175 -0.15 0.1)
(-0.125 -0.15 0.1)
(-0.15 -0.125 0.1)
(-0.15 -0.15 0.125)
(-0.075 -0.15 0.1)
(-0.1 -0.125 0.1)
(-0.1 -0.15 0.125)
(-0.025 -0.15 0.1)
(-0.05 -0.125 0.1)
(-0.05 -0.15 0.125)
(0.025 -0.15 0.1)
(0 -0.125 0.1)
(0 -0.15 0.125)
(0.075 -0.15 0.1)
(0.05 -0.125 0.1)
(0.05 -0.15 0.125)
(0.125 -0.15 0.1)
(0.1 -0.125 0.1)
(0.1 -0.15 0.125)
(0.175 -0.15 0.1)
(0.15 -0.125 0.1)
(0.15 -0.15 0.125)
(-0.175 -0.1 0.1)
(-0.125 -0.1 0.1)
(-0.15 -0.075 0.1)
(-0.15 -0.1 0.125)
(-0.075 -0.1 0.1)
(-0.1 -0.075 0.1)
(-0.1 -0.1 0.125)
(-0.025 -0.1 0.1)
(-0.05 -0.1 0.125)
(0.025 -0.1 0.1)
(0 -0.1 0.125)
(0.075 -0.1 0.1)
(0.05 -0.1 0.125)
(0.125 -0.1 0.1)
(0.1 -0.075 0.1)
(0.1 -0.1 0.125)
(0.175 -0.1 0.1)
(0.15 -0.075 0.1)
(0.15 -0.1 0.125)
(-0.175 -0.05 0.1)
(-0.125 -0.05 0.1)
(-0.15 -0.025 0.1)
(-0.15 -0.05 0.125)
(-0.1 -0.025 0.1)
(-0.1 -0.05 0.125)
(0.125 -0.05 0.1)
(0.1 -0.025 0.1)
(0.1 -0.05 0.125)
(0.175 -0.05 0.1)
(0.15 -0.025 0.1)
(0.15 -0.05 0.125)
(-0.175 4.62593e-18 0.1)
(-0.125 -4.62593e-18 0.1)
(-0.15 0.025 0.1)
(-0.15 0 0.125)
(-0.1 0.025 0.1)
(-0.1 -9.25186e-18 0.125)
(0.125 2.31296e-18 0.1)
(0.1 0.025 0.1)
(0.1 4.62593e-18 0.125)
(0.175 0 0.1)
(0.15 0.025 0.1)
(0.15 0 0.125)
(-0.175 0.05 0.1)
(-0.125 0.05 0.1)
(-0.15 0.075 0.1)
(-0.15 0.05 0.125)
(-0.1 0.075 0.1)
(-0.1 0.05 0.125)
(0.125 0.05 0.1)
(0.1 0.075 0.1)
(0.1 0.05 0.125)
(0.175 0.05 0.1)
(0.15 0.075 0.1)
(0.15 0.05 0.125)
(-0.175 0.1 0.1)
(-0.125 0.1 0.1)
(-0.15 0.125 0.1)
(-0.15 0.1 0.125)
(-0.075 0.1 0.1)
(-0.1 0.125 0.1)
(-0.1 0.1 0.125)
(-0.025 0.1 0.1)
(-0.05 0.125 0.1)
(-0.05 0.1 0.125)
(0.025 0.1 0.1)
(0 0.125 0.1)
(0 0.1 0.125)
(0.075 0.1 0.1)
(0.05 0.125 0.1)
(0.05 0.1 0.125)
(0.125 0.1 0.1)
(0.1 0.125 0.1)
(0.1 0.1 0.125)
(0.175 0.1 0.1)
(0.15 0.125 0.1)
(0.15 0.1 0.125)
(-0.175 0.15 0.1)
(-0.125 0.15 0.1)
(-0.15 0.15 0.125)
(-0.075 0.15 0.1)
(-0.1 0.15 0.125)
(-0.025 0.15 0.1)
(-0.05 0.15 0.125)
(0.025 0.15 0.1)
(0 0.15 0.125)
(0.075 0.15 0.1)
(0.05 0.15 0.125)
(0.125 0.15 0.1)
(0.1 0.15 0.125)
(0.175 0.15 0.1)
(0.15 0.15 0.125)
(-0.125 -0.15 0.15)
(-0.15 -0.125 0.15)
(-0.075 -0.15 0.15)
(-0.1 -0.125 0.15)
(-0.1 -0.15 0.175)
(-0.025 -0.15 0.15)
(-0.05 -0.125 0.15)
(-0.05 -0.15 0.175)
(0.025 -0.15 0.15)
(0 -0.125 0.15)
(0 -0.15 0.175)
(0.075 -0.15 0.15)
(0.05 -0.125 0.15)
(0.05 -0.15 0.175)
(0.125 -0.15 0.15)
(0.1 -0.125 0.15)
(0.1 -0.15 0.175)
(0.15 -0.125 0.15)
(-0.125 -0.1 0.15)
(-0.15 -0.075 0.15)
(-0.075 -0.1 0.15)
(-0.1 -0.075 0.15)
(-0.1 -0.1 0.175)
(-0.025 -0.1 0.15)
(-0.05 -0.075 0.15)
(-0.05 -0.1 0.175)
(0.025 -0.1 0.15)
(0 -0.075 0.15)
(0 -0.1 0.175)
(0.075 -0.1 0.15)
(0.05 -0.075 0.15)
(0.05 -0.1 0.175)
(0.125 -0.1 0.15)
(0.1 -0.075 0.15)
(0.1 -0.1 0.175)
(0.15 -0.075 0.15)
(-0.125 -0.05 0.15)
(-0.15 -0.025 0.15)
(-0.075 -0.05 0.15)
(-0.1 -0.025 0.15)
(-0.1 -0.05 0.175)
(-0.025 -0.05 0.15)
(-0.05 -0.025 0.15)
(-0.05 -0.05 0.175)
(0.025 -0.05 0.15)
(0 -0.025 0.15)
(0 -0.05 0.175)
(0.075 -0.05 0.15)
(0.05 -0.025 0.15)
(0.05 -0.05 0.175)
(0.125 -0.05 0.15)
(0.1 -0.025 0.15)
(0.1 -0.05 0.175)
(0.15 -0.025 0.15)
(-0.125 -4.62593e-18 0.15)
(-0.15 0.025 0.15)
(-0.075 -9.25186e-18 0.15)
(-0.1 0.025 0.15)
(-0.1 -4.62593e-18 0.175)
(-0.025 -4.62593e-18 0.15)
(-0.05 0.025 0.15)
(-0.05 -9.25186e-18 0.175)
(0.025 0 0.15)
(0 0.025 0.15)
(0 0 0.175)
(0.075 2.31296e-18 0.15)
(0.05 0.025 0.15)
(0.05 0 0.175)
(0.125 2.31296e-18 0.15)
(0.1 0.025 0.15)
(0.1 4.62593e-18 0.175)
(0.15 0.025 0.15)
(-0.125 0.05 0.15)
(-0.15 0.075 0.15)
(-0.075 0.05 0.15)
(-0.1 0.075 0.15)
(-0.1 0.05 0.175)
(-0.025 0.05 0.15)
(-0.05 0.075 0.15)
(-0.05 0.05 0.175)
(0.025 0.05 0.15)
(0 0.075 0.15)
(0 0.05 0.175)
(0.075 0.05 0.15)
(0.05 0.075 0.15)
(0.05 0.05 0.175)
(0.125 0.05 0.15)
(0.1 0.075 0.15)
(0.1 0.05 0.175)
(0.15 0.075 0.15)
(-0.125 0.1 0.15)
(-0.15 0.125 0.15)
(-0.075 0.1 0.15)
(-0.1 0.125 0.15)
(-0.1 0.1 0.175)
(-0.025 0.1 0.15)
(-0.05 0.125 0.15)
(-0.05 0.1 0.175)
(0.025 0.1 0.15)
(0 0.125 0.15)
(0 0.1 0.175)
(0.075 0.1 0.15)
(0.05 0.125 0.15)
(0.05 0.1 0.175)
(0.125 0.1 0.15)
(0.1 0.125 0.15)
(0.1 0.1 0.175)
(0.15 0.125 0.15)
(-0.125 0.15 0.15)
(-0.075 0.15 0.15)
(-0.1 0.15 0.175)
(-0.025 0.15 0.15)
(-0.05 0.15 0.175)
(0.025 0.15 0.15)
(0 0.15 0.175)
(0.075 0.15 0.15)
(0.05 0.15 0.175)
(0.125 0.15 0.15)
(0.1 0.15 0.175)
(-0.075 -0.15 0.2)
(-0.025 -0.15 0.2)
(-0.05 -0.125 0.2)
(0.025 -0.15 0.2)
(0 -0.125 0.2)
(0.075 -0.15 0.2)
(0.05 -0.125 0.2)
(-0.075 -0.1 0.2)
(-0.025 -0.1 0.2)
(-0.05 -0.075 0.2)
(0.025 -0.1 0.2)
(0 -0.075 0.2)
(0.075 -0.1 0.2)
(0.05 -0.075 0.2)
(-0.075 -0.05 0.2)
(-0.025 -0.05 0.2)
(-0.05 -0.025 0.2)
(0.025 -0.05 0.2)
(0 -0.025 0.2)
(0.075 -0.05 0.2)
(0.05 -0.025 0.2)
(-0.075 -4.62593e-18 0.2)
(-0.025 -4.62593e-18 0.2)
(-0.05 0.025 0.2)
(0.025 0 0.2)
(0 0.025 0.2)
(0.075 2.31296e-18 0.2)
(0.05 0.025 0.2)
(-0.075 0.05 0.2)
(-0.025 0.05 0.2)
(-0.05 0.075 0.2)
(0.025 0.05 0.2)
(0 0.075 0.2)
(0.075 0.05 0.2)
(0.05 0.075 0.2)
(-0.075 0.1 0.2)
(-0.025 0.1 0.2)
(-0.05 0.125 0.2)
(0.025 0.1 0.2)
(0 0.125 0.2)
(0.075 0.1 0.2)
(0.05 0.125 0.2)
(-0.075 0.15 0.2)
(-0.025 0.15 0.2)
(0.025 0.15 0.2)
(0.075 0.15 0.2)
(-0.075 -0.125 -0.2)
(-0.025 -0.125 -0.2)
(0.025 -0.125 -0.2)
(0.075 -0.125 -0.2)
(-0.075 -0.075 -0.2)
(-0.025 -0.075 -0.2)
(0.025 -0.075 -0.2)
(0.075 -0.075 -0.2)
(-0.075 -0.025 -0.2)
(-0.025 -0.025 -0.2)
(0.025 -0.025 -0.2)
(0.075 -0.025 -0.2)
(-0.075 0.025 -0.2)
(-0.025 0.025 -0.2)
(0.025 0.025 -0.2)
(0.075 0.025 -0.2)
(-0.075 0.075 -0.2)
(-0.025 0.075 -0.2)
(0.025 0.075 -0.2)
(0.075 0.075 -0.2)
(-0.075 0.125 -0.2)
(-0.025 0.125 -0.2)
(0.025 0.125 -0.2)
(0.075 0.125 -0.2)
(-0.125 -0.15 -0.175)
(-0.075 -0.15 -0.175)
(-0.025 -0.15 -0.175)
(0.025 -0.15 -0.175)
(0.075 -0.15 -0.175)
(0.125 -0.15 -0.175)
(-0.1 -0.125 -0.175)
(-0.125 -0.1 -0.175)
(-0.125 -0.125 -0.15)
(-0.05 -0.125 -0.175)
(-0.075 -0.1 -0.175)
(-0.075 -0.125 -0.15)
(0 -0.125 -0.175)
(-0.025 -0.1 -0.175)
(-0.025 -0.125 -0.15)
(0.05 -0.125 -0.175)
(0.025 -0.1 -0.175)
(0.025 -0.125 -0.15)
(0.1 -0.125 -0.175)
(0.075 -0.1 -0.175)
(0.075 -0.125 -0.15)
(0.125 -0.1 -0.175)
(0.125 -0.125 -0.15)
(-0.1 -0.075 -0.175)
(-0.125 -0.05 -0.175)
(-0.125 -0.075 -0.15)
(-0.05 -0.075 -0.175)
(-0.075 -0.05 -0.175)
(-0.075 -0.075 -0.15)
(0 -0.075 -0.175)
(-0.025 -0.05 -0.175)
(-0.025 -0.075 -0.15)
(0.05 -0.075 -0.175)
(0.025 -0.05 -0.175)
(0.025 -0.075 -0.15)
(0.1 -0.075 -0.175)
(0.075 -0.05 -0.175)
(0.075 -0.075 -0.15)
(0.125 -0.05 -0.175)
(0.125 -0.075 -0.15)
(-0.1 -0.025 -0.175)
(-0.125 -2.31296e-18 -0.175)
(-0.125 -0.025 -0.15)
(-0.05 -0.025 -0.175)
(-0.075 -6.93889e-18 -0.175)
(-0.075 -0.025 -0.15)
(0 -0.025 -0.175)
(-0.025 -2.31296e-18 -0.175)
(-0.025 -0.025 -0.15)
(0.05 -0.025 -0.175)
(0.025 0 -0.175)
(0.025 -0.025 -0.15)
(0.1 -0.025 -0.175)
(0.075 2.31296e-18 -0.175)
(0.075 -0.025 -0.15)
(0.125 4.62593e-18 -0.175)
(0.125 -0.025 -0.15)
(-0.1 0.025 -0.175)
(-0.125 0.05 -0.175)
(-0.125 0.025 -0.15)
(-0.05 0.025 -0.175)
(-0.075 0.05 -0.175)
(-0.075 0.025 -0.15)
(0 0.025 -0.175)
(-0.025 0.05 -0.175)
(-0.025 0.025 -0.15)
(0.05 0.025 -0.175)
(0.025 0.05 -0.175)
(0.025 0.025 -0.15)
(0.1 0.025 -0.175)
(0.075 0.05 -0.175)
(0.075 0.025 -0.15)
(0.125 0.05 -0.175)
(0.125 0.025 -0.15)
(-0.1 0.075 -0.175)
(-0.125 0.1 -0.175)
(-0.125 0.075 -0.15)
(-0.05 0.075 -0.175)
(-0.075 0.1 -0.175)
(-0.075 0.075 -0.15)
(0 0.075 -0.175)
(-0.025 0.1 -0.175)
(-0.025 0.075 -0.15)
(0.05 0.075 -0.175)
(0.025 0.1 -0.175)
(0.025 0.075 -0.15)
(0.1 0.075 -0.175)
(0.075 0.1 -0.175)
(0.075 0.075 -0.15)
(0.125 0.1 -0.175)
(0.125 0.075 -0.15)
(-0.1 0.125 -0.175)
(-0.125 0.15 -0.175)
(-0.125 0.125 -0.15)
(-0.05 0.125 -0.175)
(-0.075 0.15 -0.175)
(-0.075 0.125 -0.15)
(0 0.125 -0.175)
(-0.025 0.15 -0.175)
(-0.025 0.125 -0.15)
(0.05 0.125 -0.175)
(0.025 0.15 -0.175)
(0.025 0.125 -0.15)
(0.1 0.125 -0.175)
(0.075 0.15 -0.175)
(0.075 0.125 -0.15)
(0.125 0.15 -0.175)
(0.125 0.125 -0.15)
(-0.175 -0.15 -0.125)
(-0.125 -0.15 -0.125)
(-0.075 -0.15 -0.125)
(-0.025 -0.15 -0.125)
(0.025 -0.15 -0.125)
(0.075 -0.15 -0.125)
(0.125 -0.15 -0.125)
(0.175 -0.15 -0.125)
(-0.15 -0.125 -0.125)
(-0.175 -0.1 -0.125)
(-0.175 -0.125 -0.1)
(-0.1 -0.125 -0.125)
(-0.125 -0.1 -0.125)
(-0.125 -0.125 -0.1)
(-0.05 -0.125 -0.125)
(-0.075 -0.1 -0.125)
(-0.075 -0.125 -0.1)
(0 -0.125 -0.125)
(-0.025 -0.1 -0.125)
(-0.025 -0.125 -0.1)
(0.05 -0.125 -0.125)
(0.025 -0.1 -0.125)
(0.025 -0.125 -0.1)
(0.1 -0.125 -0.125)
(0.075 -0.1 -0.125)
(0.075 -0.125 -0.1)
(0.15 -0.125 -0.125)
(0.125 -0.1 -0.125)
(0.125 -0.125 -0.1)
(0.175 -0.1 -0.125)
(0.175 -0.125 -0.1)
(-0.15 -0.075 -0.125)
(-0.175 -0.05 -0.125)
(-0.175 -0.075 -0.1)
(-0.1 -0.075 -0.125)
(-0.125 -0.05 -0.125)
(-0.125 -0.075 -0.1)
(0.1 -0.075 -0.125)
(0.15 -0.075 -0.125)
(0.125 -0.05 -0.125)
(0.125 -0.075 -0.1)
(0.175 -0.05 -0.125)
(0.175 -0.075 -0.1)
(-0.15 -0.025 -0.125)
(-0.175 4.62593e-18 -0.125)
(-0.175 -0.025 -0.1)
(-0.1 -0.025 -0.125)
(-0.125 0 -0.125)
(-0.125 -0.025 -0.1)
(0.1 -0.025 -0.125)
(0.15 -0.025 -0.125)
(0.125 2.31296e-18 -0.125)
(0.125 -0.025 -0.1)
(0.175 0 -0.125)
(0.175 -0.025 -0.1)
(-0.15 0.025 -0.125)
(-0.175 0.05 -0.125)
(-0.175 0.025 -0.1)
(-0.1 0.025 -0.125)
(-0.125 0.05 -0.125)
(-0.125 0.025 -0.1)
(0.1 0.025 -0.125)
(0.15 0.025 -0.125)
(0.125 0.05 -0.125)
(0.125 0.025 -0.1)
(0.175 0.05 -0.125)
(0.175 0.025 -0.1)
(-0.15 0.075 -0.125)
(-0.175 0.1 -0.125)
(-0.175 0.075 -0.1)
(-0.1 0.075 -0.125)
(-0.125 0.1 -0.125)
(-0.125 0.075 -0.1)
(-0.075 0.1 -0.125)
(-0.025 0.1 -0.125)
(0.025 0.1 -0.125)
(0.1 0.075 -0.125)
(0.075 0.1 -0.125)
(0.15 0.075 -0.125)
(0.125 0.1 -0.125)
(0.125 0.075 -0.1)
(0.175 0.1 -0.125)
(0.175 0.075 -0.1)
(-0.15 0.125 -0.125)
(-0.175 0.15 -0.125)
(-0.175 0.125 -0.1)
(-0.1 0.125 -0.125)
(-0.125 0.15 -0.125)
(-0.125 0.125 -0.1)
(-0.05 0.125 -0.125)
(-0.075 0.15 -0.125)
(-0.075 0.125 -0.1)
(0 0.125 -0.125)
(-0.025 0.15 -0.125)
(-0.025 0.125 -0.1)
(0.05 0.125 -0.125)
(0.025 0.15 -0.125)
(0.025 0.125 -0.1)
(0.1 0.125 -0.125)
(0.075 0.15 -0.125)
(0.075 0.125 -0.1)
(0.15 0.125 -0.125)
(0.125 0.15 -0.125)
(0.125 0.125 -0.1)
(0.175 0.15 -0.125)
(0.175 0.125 -0.1)
(-0.175 -0.15 -0.075)
(-0.125 -0.15 -0.075)
(-0.075 -0.15 -0.075)
(-0.025 -0.15 -0.075)
(0.025 -0.15 -0.075)
(0.075 -0.15 -0.075)
(0.125 -0.15 -0.075)
(0.175 -0.15 -0.075)
(-0.2 -0.125 -0.075)
(-0.15 -0.125 -0.075)
(-0.175 -0.1 -0.075)
(-0.175 -0.125 -0.05)
(-0.1 -0.125 -0.075)
(-0.125 -0.1 -0.075)
(-0.125 -0.125 -0.05)
(-0.05 -0.125 -0.075)
(-0.075 -0.1 -0.075)
(-0.075 -0.125 -0.05)
(0 -0.125 -0.075)
(-0.025 -0.1 -0.075)
(-0.025 -0.125 -0.05)
(0.05 -0.125 -0.075)
(0.025 -0.1 -0.075)
(0.025 -0.125 -0.05)
(0.1 -0.125 -0.075)
(0.075 -0.1 -0.075)
(0.075 -0.125 -0.05)
(0.15 -0.125 -0.075)
(0.125 -0.1 -0.075)
(0.125 -0.125 -0.05)
(0.2 -0.125 -0.075)
(0.175 -0.1 -0.075)
(0.175 -0.125 -0.05)
(-0.2 -0.075 -0.075)
(-0.15 -0.075 -0.075)
(-0.175 -0.05 -0.075)
(-0.175 -0.075 -0.05)
(0.15 -0.075 -0.075)
(0.2 -0.075 -0.075)
(0.175 -0.05 -0.075)
(0.175 -0.075 -0.05)
(-0.2 -0.025 -0.075)
(-0.15 -0.025 -0.075)
(-0.175 4.62593e-18 -0.075)
(-0.175 -0.025 -0.05)
(0.15 -0.025 -0.075)
(0.2 -0.025 -0.075)
(0.175 -4.62593e-18 -0.075)
(0.175 -0.025 -0.05)
(-0.2 0.025 -0.075)
(-0.15 0.025 -0.075)
(-0.175 0.05 -0.075)
(-0.175 0.025 -0.05)
(0.15 0.025 -0.075)
(0.2 0.025 -0.075)
(0.175 0.05 -0.075)
(0.175 0.025 -0.05)
(-0.2 0.075 -0.075)
(-0.15 0.075 -0.075)
(-0.175 0.1 -0.075)
(-0.175 0.075 -0.05)
(-0.125 0.1 -0.075)
(-0.075 0.1 -0.075)
(-0.025 0.1 -0.075)
(0.025 0.1 -0.075)
(0.075 0.1 -0.075)
(0.15 0.075 -0.075)
(0.125 0.1 -0.075)
(0.2 0.075 -0.075)
(0.175 0.1 -0.075)
(0.175 0.075 -0.05)
(-0.2 0.125 -0.075)
(-0.15 0.125 -0.075)
(-0.175 0.15 -0.075)
(-0.175 0.125 -0.05)
(-0.1 0.125 -0.075)
(-0.125 0.15 -0.075)
(-0.125 0.125 -0.05)
(-0.05 0.125 -0.075)
(-0.075 0.15 -0.075)
(-0.075 0.125 -0.05)
(0 0.125 -0.075)
(-0.025 0.15 -0.075)
(-0.025 0.125 -0.05)
(0.05 0.125 -0.075)
(0.025 0.15 -0.075)
(0.025 0.125 -0.05)
(0.1 0.125 -0.075)
(0.075 0.15 -0.075)
(0.075 0.125 -0.05)
(0.15 0.125 -0.075)
(0.125 0.15 -0.075)
(0.125 0.125 -0.05)
(0.2 0.125 -0.075)
(0.175 0.15 -0.075)
(0.175 0.125 -0.05)
(-0.175 -0.15 -0.025)
(-0.125 -0.15 -0.025)
(-0.075 -0.15 -0.025)
(-0.025 -0.15 -0.025)
(0.025 -0.15 -0.025)
(0.075 -0.15 -0.025)
(0.125 -0.15 -0.025)
(0.175 -0.15 -0.025)
(-0.2 -0.125 -0.025)
(-0.15 -0.125 -0.025)
(-0.175 -0.1 -0.025)
(-0.175 -0.125 0)
(-0.1 -0.125 -0.025)
(-0.125 -0.1 -0.025)
(-0.125 -0.125 0)
(-0.05 -0.125 -0.025)
(-0.075 -0.1 -0.025)
(-0.075 -0.125 2.31296e-18)
(0 -0.125 -0.025)
(-0.025 -0.1 -0.025)
(-0.025 -0.125 2.31296e-18)
(0.05 -0.125 -0.025)
(0.025 -0.1 -0.025)
(0.025 -0.125 0)
(0.1 -0.125 -0.025)
(0.075 -0.1 -0.025)
(0.075 -0.125 -2.31296e-18)
(0.15 -0.125 -0.025)
(0.125 -0.1 -0.025)
(0.125 -0.125 -2.31296e-18)
(0.2 -0.125 -0.025)
(0.175 -0.1 -0.025)
(0.175 -0.125 0)
(-0.2 -0.075 -0.025)
(-0.15 -0.075 -0.025)
(-0.175 -0.05 -0.025)
(-0.175 -0.075 -4.62593e-18)
(0.15 -0.075 -0.025)
(0.2 -0.075 -0.025)
(0.175 -0.05 -0.025)
(0.175 -0.075 -4.62593e-18)
(-0.2 -0.025 -0.025)
(-0.15 -0.025 -0.025)
(-0.175 4.62593e-18 -0.025)
(-0.175 -0.025 9.0278e-34)
(0.15 -0.025 -0.025)
(0.2 -0.025 -0.025)
(0.175 -4.62593e-18 -0.025)
(0.175 -0.025 -4.62593e-18)
(-0.2 0.025 -0.025)
(-0.15 0.025 -0.025)
(-0.175 0.05 -0.025)
(-0.175 0.025 4.62593e-18)
(0.15 0.025 -0.025)
(0.2 0.025 -0.025)
(0.175 0.05 -0.025)
(0.175 0.025 0)
(-0.2 0.075 -0.025)
(-0.15 0.075 -0.025)
(-0.175 0.1 -0.025)
(-0.175 0.075 4.62593e-18)
(-0.125 0.1 -0.025)
(-0.075 0.1 -0.025)
(-0.025 0.1 -0.025)
(0.025 0.1 -0.025)
(0.075 0.1 -0.025)
(0.15 0.075 -0.025)
(0.125 0.1 -0.025)
(0.2 0.075 -0.025)
(0.175 0.1 -0.025)
(0.175 0.075 0)
(-0.2 0.125 -0.025)
(-0.15 0.125 -0.025)
(-0.175 0.15 -0.025)
(-0.175 0.125 4.62593e-18)
(-0.1 0.125 -0.025)
(-0.125 0.15 -0.025)
(-0.125 0.125 -4.62593e-18)
(-0.05 0.125 -0.025)
(-0.075 0.15 -0.025)
(-0.075 0.125 -4.62593e-18)
(0 0.125 -0.025)
(-0.025 0.15 -0.025)
(-0.025 0.125 0)
(0.05 0.125 -0.025)
(0.025 0.15 -0.025)
(0.025 0.125 0)
(0.1 0.125 -0.025)
(0.075 0.15 -0.025)
(0.075 0.125 2.31296e-18)
(0.15 0.125 -0.025)
(0.125 0.15 -0.025)
(0.125 0.125 2.31296e-18)
(0.2 0.125 -0.025)
(0.175 0.15 -0.025)
(0.175 0.125 0)
(-0.175 -0.15 0.025)
(-0.125 -0.15 0.025)
(-0.075 -0.15 0.025)
(-0.025 -0.15 0.025)
(0.025 -0.15 0.025)
(0.075 -0.15 0.025)
(0.125 -0.15 0.025)
(0.175 -0.15 0.025)
(-0.2 -0.125 0.025)
(-0.15 -0.125 0.025)
(-0.175 -0.1 0.025)
(-0.175 -0.125 0.05)
(-0.1 -0.125 0.025)
(-0.125 -0.1 0.025)
(-0.125 -0.125 0.05)
(-0.05 -0.125 0.025)
(-0.075 -0.1 0.025)
(-0.075 -0.125 0.05)
(0 -0.125 0.025)
(-0.025 -0.1 0.025)
(-0.025 -0.125 0.05)
(0.05 -0.125 0.025)
(0.025 -0.1 0.025)
(0.025 -0.125 0.05)
(0.1 -0.125 0.025)
(0.075 -0.1 0.025)
(0.075 -0.125 0.05)
(0.15 -0.125 0.025)
(0.125 -0.1 0.025)
(0.125 -0.125 0.05)
(0.2 -0.125 0.025)
(0.175 -0.1 0.025)
(0.175 -0.125 0.05)
(-0.2 -0.075 0.025)
(-0.15 -0.075 0.025)
(-0.175 -0.05 0.025)
(-0.175 -0.075 0.05)
(0.15 -0.075 0.025)
(0.2 -0.075 0.025)
(0.175 -0.05 0.025)
(0.175 -0.075 0.05)
(-0.2 -0.025 0.025)
(-0.15 -0.025 0.025)
(-0.175 4.62593e-18 0.025)
(-0.175 -0.025 0.05)
(0.15 -0.025 0.025)
(0.2 -0.025 0.025)
(0.175 0 0.025)
(0.175 -0.025 0.05)
(-0.2 0.025 0.025)
(-0.15 0.025 0.025)
(-0.175 0.05 0.025)
(-0.175 0.025 0.05)
(0.15 0.025 0.025)
(0.2 0.025 0.025)
(0.175 0.05 0.025)
(0.175 0.025 0.05)
(-0.2 0.075 0.025)
(-0.15 0.075 0.025)
(-0.175 0.1 0.025)
(-0.175 0.075 0.05)
(-0.125 0.1 0.025)
(-0.075 0.1 0.025)
(-0.025 0.1 0.025)
(0.025 0.1 0.025)
(0.075 0.1 0.025)
(0.15 0.075 0.025)
(0.125 0.1 0.025)
(0.2 0.075 0.025)
(0.175 0.1 0.025)
(0.175 0.075 0.05)
(-0.2 0.125 0.025)
(-0.15 0.125 0.025)
(-0.175 0.15 0.025)
(-0.175 0.125 0.05)
(-0.1 0.125 0.025)
(-0.125 0.15 0.025)
(-0.125 0.125 0.05)
(-0.05 0.125 0.025)
(-0.075 0.15 0.025)
(-0.075 0.125 0.05)
(0 0.125 0.025)
(-0.025 0.15 0.025)
(-0.025 0.125 0.05)
(0.05 0.125 0.025)
(0.025 0.15 0.025)
(0.025 0.125 0.05)
(0.1 0.125 0.025)
(0.075 0.15 0.025)
(0.075 0.125 0.05)
(0.15 0.125 0.025)
(0.125 0.15 0.025)
(0.125 0.125 0.05)
(0.2 0.125 0.025)
(0.175 0.15 0.025)
(0.175 0.125 0.05)
(-0.175 -0.15 0.075)
(-0.125 -0.15 0.075)
(-0.075 -0.15 0.075)
(-0.025 -0.15 0.075)
(0.025 -0.15 0.075)
(0.075 -0.15 0.075)
(0.125 -0.15 0.075)
(0.175 -0.15 0.075)
(-0.2 -0.125 0.075)
(-0.15 -0.125 0.075)
(-0.175 -0.1 0.075)
(-0.175 -0.125 0.1)
(-0.1 -0.125 0.075)
(-0.125 -0.1 0.075)
(-0.125 -0.125 0.1)
(-0.05 -0.125 0.075)
(-0.075 -0.1 0.075)
(-0.075 -0.125 0.1)
(0 -0.125 0.075)
(-0.025 -0.1 0.075)
(-0.025 -0.125 0.1)
(0.05 -0.125 0.075)
(0.025 -0.1 0.075)
(0.025 -0.125 0.1)
(0.1 -0.125 0.075)
(0.075 -0.1 0.075)
(0.075 -0.125 0.1)
(0.15 -0.125 0.075)
(0.125 -0.1 0.075)
(0.125 -0.125 0.1)
(0.2 -0.125 0.075)
(0.175 -0.1 0.075)
(0.175 -0.125 0.1)
(-0.2 -0.075 0.075)
(-0.15 -0.075 0.075)
(-0.175 -0.05 0.075)
(-0.175 -0.075 0.1)
(-0.125 -0.075 0.1)
(0.15 -0.075 0.075)
(0.125 -0.075 0.1)
(0.2 -0.075 0.075)
(0.175 -0.05 0.075)
(0.175 -0.075 0.1)
(-0.2 -0.025 0.075)
(-0.15 -0.025 0.075)
(-0.175 4.62593e-18 0.075)
(-0.175 -0.025 0.1)
(-0.125 -0.025 0.1)
(0.15 -0.025 0.075)
(0.125 -0.025 0.1)
(0.2 -0.025 0.075)
(0.175 0 0.075)
(0.175 -0.025 0.1)
(-0.2 0.025 0.075)
(-0.15 0.025 0.075)
(-0.175 0.05 0.075)
(-0.175 0.025 0.1)
(-0.125 0.025 0.1)
(0.15 0.025 0.075)
(0.125 0.025 0.1)
(0.2 0.025 0.075)
(0.175 0.05 0.075)
(0.175 0.025 0.1)
(-0.2 0.075 0.075)
(-0.15 0.075 0.075)
(-0.175 0.1 0.075)
(-0.175 0.075 0.1)
(-0.125 0.1 0.075)
(-0.125 0.075 0.1)
(-0.075 0.1 0.075)
(-0.025 0.1 0.075)
(0.025 0.1 0.075)
(0.075 0.1 0.075)
(0.15 0.075 0.075)
(0.125 0.1 0.075)
(0.125 0.075 0.1)
(0.2 0.075 0.075)
(0.175 0.1 0.075)
(0.175 0.075 0.1)
(-0.2 0.125 0.075)
(-0.15 0.125 0.075)
(-0.175 0.15 0.075)
(-0.175 0.125 0.1)
(-0.1 0.125 0.075)
(-0.125 0.15 0.075)
(-0.125 0.125 0.1)
(-0.05 0.125 0.075)
(-0.075 0.15 0.075)
(-0.075 0.125 0.1)
(0 0.125 0.075)
(-0.025 0.15 0.075)
(-0.025 0.125 0.1)
(0.05 0.125 0.075)
(0.025 0.15 0.075)
(0.025 0.125 0.1)
(0.1 0.125 0.075)
(0.075 0.15 0.075)
(0.075 0.125 0.1)
(0.15 0.125 0.075)
(0.125 0.15 0.075)
(0.125 0.125 0.1)
(0.2 0.125 0.075)
(0.175 0.15 0.075)
(0.175 0.125 0.1)
(-0.175 -0.15 0.125)
(-0.125 -0.15 0.125)
(-0.075 -0.15 0.125)
(-0.025 -0.15 0.125)
(0.025 -0.15 0.125)
(0.075 -0.15 0.125)
(0.125 -0.15 0.125)
(0.175 -0.15 0.125)
(-0.15 -0.125 0.125)
(-0.175 -0.1 0.125)
(-0.1 -0.125 0.125)
(-0.125 -0.1 0.125)
(-0.125 -0.125 0.15)
(-0.05 -0.125 0.125)
(-0.075 -0.1 0.125)
(-0.075 -0.125 0.15)
(0 -0.125 0.125)
(-0.025 -0.1 0.125)
(-0.025 -0.125 0.15)
(0.05 -0.125 0.125)
(0.025 -0.1 0.125)
(0.025 -0.125 0.15)
(0.1 -0.125 0.125)
(0.075 -0.1 0.125)
(0.075 -0.125 0.15)
(0.15 -0.125 0.125)
(0.125 -0.1 0.125)
(0.125 -0.125 0.15)
(0.175 -0.1 0.125)
(-0.15 -0.075 0.125)
(-0.175 -0.05 0.125)
(-0.1 -0.075 0.125)
(-0.125 -0.05 0.125)
(-0.125 -0.075 0.15)
(-0.075 -0.075 0.15)
(-0.025 -0.075 0.15)
(0.025 -0.075 0.15)
(0.1 -0.075 0.125)
(0.075 -0.075 0.15)
(0.15 -0.075 0.125)
(0.125 -0.05 0.125)
(0.125 -0.075 0.15)
(0.175 -0.05 0.125)
(-0.15 -0.025 0.125)
(-0.175 4.62593e-18 0.125)
(-0.1 -0.025 0.125)
(-0.125 -4.62593e-18 0.125)
(-0.125 -0.025 0.15)
(-0.075 -0.025 0.15)
(-0.025 -0.025 0.15)
(0.025 -0.025 0.15)
(0.1 -0.025 0.125)
(0.075 -0.025 0.15)
(0.15 -0.025 0.125)
(0.125 2.31296e-18 0.125)
(0.125 -0.025 0.15)
(0.175 0 0.125)
(-0.15 0.025 0.125)
(-0.175 0.05 0.125)
(-0.1 0.025 0.125)
(-0.125 0.05 0.125)
(-0.125 0.025 0.15)
(-0.075 0.025 0.15)
(-0.025 0.025 0.15)
(0.025 0.025 0.15)
(0.1 0.025 0.125)
(0.075 0.025 0.15)
(0.15 0.025 0.125)
(0.125 0.05 0.125)
(0.125 0.025 0.15)
(0.175 0.05 0.125)
(-0.15 0.075 0.125)
(-0.175 0.1 0.125)
(-0.1 0.075 0.125)
(-0.125 0.1 0.125)
(-0.125 0.075 0.15)
(-0.075 0.1 0.125)
(-0.075 0.075 0.15)
(-0.025 0.1 0.125)
(-0.025 0.075 0.15)
(0.025 0.1 0.125)
(0.025 0.075 0.15)
(0.1 0.075 0.125)
(0.075 0.1 0.125)
(0.075 0.075 0.15)
(0.15 0.075 0.125)
(0.125 0.1 0.125)
(0.125 0.075 0.15)
(0.175 0.1 0.125)
(-0.15 0.125 0.125)
(-0.175 0.15 0.125)
(-0.1 0.125 0.125)
(-0.125 0.15 0.125)
(-0.125 0.125 0.15)
(-0.05 0.125 0.125)
(-0.075 0.15 0.125)
(-0.075 0.125 0.15)
(0 0.125 0.125)
(-0.025 0.15 0.125)
(-0.025 0.125 0.15)
(0.05 0.125 0.125)
(0.025 0.15 0.125)
(0.025 0.125 0.15)
(0.1 0.125 0.125)
(0.075 0.15 0.125)
(0.075 0.125 0.15)
(0.15 0.125 0.125)
(0.125 0.15 0.125)
(0.125 0.125 0.15)
(0.175 0.15 0.125)
(-0.125 -0.15 0.175)
(-0.075 -0.15 0.175)
(-0.025 -0.15 0.175)
(0.025 -0.15 0.175)
(0.075 -0.15 0.175)
(0.125 -0.15 0.175)
(-0.1 -0.125 0.175)
(-0.125 -0.1 0.175)
(-0.05 -0.125 0.175)
(-0.075 -0.1 0.175)
(-0.075 -0.125 0.2)
(0 -0.125 0.175)
(-0.025 -0.1 0.175)
(-0.025 -0.125 0.2)
(0.05 -0.125 0.175)
(0.025 -0.1 0.175)
(0.025 -0.125 0.2)
(0.1 -0.125 0.175)
(0.075 -0.1 0.175)
(0.075 -0.125 0.2)
(0.125 -0.1 0.175)
(-0.1 -0.075 0.175)
(-0.125 -0.05 0.175)
(-0.05 -0.075 0.175)
(-0.075 -0.05 0.175)
(-0.075 -0.075 0.2)
(0 -0.075 0.175)
(-0.025 -0.05 0.175)
(-0.025 -0.075 0.2)
(0.05 -0.075 0.175)
(0.025 -0.05 0.175)
(0.025 -0.075 0.2)
(0.1 -0.075 0.175)
(0.075 -0.05 0.175)
(0.075 -0.075 0.2)
(0.125 -0.05 0.175)
(-0.1 -0.025 0.175)
(-0.125 -2.31296e-18 0.175)
(-0.05 -0.025 0.175)
(-0.075 -6.93889e-18 0.175)
(-0.075 -0.025 0.2)
(0 -0.025 0.175)
(-0.025 -4.62593e-18 0.175)
(-0.025 -0.025 0.2)
(0.05 -0.025 0.175)
(0.025 0 0.175)
(0.025 -0.025 0.2)
(0.1 -0.025 0.175)
(0.075 2.31296e-18 0.175)
(0.075 -0.025 0.2)
(0.125 2.31296e-18 0.175)
(-0.1 0.025 0.175)
(-0.125 0.05 0.175)
(-0.05 0.025 0.175)
(-0.075 0.05 0.175)
(-0.075 0.025 0.2)
(0 0.025 0.175)
(-0.025 0.05 0.175)
(-0.025 0.025 0.2)
(0.05 0.025 0.175)
(0.025 0.05 0.175)
(0.025 0.025 0.2)
(0.1 0.025 0.175)
(0.075 0.05 0.175)
(0.075 0.025 0.2)
(0.125 0.05 0.175)
(-0.1 0.075 0.175)
(-0.125 0.1 0.175)
(-0.05 0.075 0.175)
(-0.075 0.1 0.175)
(-0.075 0.075 0.2)
(0 0.075 0.175)
(-0.025 0.1 0.175)
(-0.025 0.075 0.2)
(0.05 0.075 0.175)
(0.025 0.1 0.175)
(0.025 0.075 0.2)
(0.1 0.075 0.175)
(0.075 0.1 0.175)
(0.075 0.075 0.2)
(0.125 0.1 0.175)
(-0.1 0.125 0.175)
(-0.125 0.15 0.175)
(-0.05 0.125 0.175)
(-0.075 0.15 0.175)
(-0.075 0.125 0.2)
(0 0.125 0.175)
(-0.025 0.15 0.175)
(-0.025 0.125 0.2)
(0.05 0.125 0.175)
(0.025 0.15 0.175)
(0.025 0.125 0.2)
(0.1 0.125 0.175)
(0.075 0.15 0.175)
(0.075 0.125 0.2)
(0.125 0.15 0.175)
(-0.075 -0.075 -0.125)
(-0.025 -0.075 -0.125)
(0.025 -0.075 -0.125)
(0.075 -0.075 -0.125)
(-0.075 -0.025 -0.125)
(-0.025 -0.025 -0.125)
(0.025 -0.025 -0.125)
(0.075 -0.025 -0.125)
(-0.075 0.025 -0.125)
(-0.025 0.025 -0.125)
(0.025 0.025 -0.125)
(0.075 0.025 -0.125)
(-0.075 0.075 -0.125)
(-0.025 0.075 -0.125)
(0.025 0.075 -0.125)
(0.075 0.075 -0.125)
(-0.125 -0.075 -0.075)
(-0.075 -0.075 -0.075)
(-0.025 -0.075 -0.075)
(0.025 -0.075 -0.075)
(0.075 -0.075 -0.075)
(0.125 -0.075 -0.075)
(-0.125 -0.025 -0.075)
(-0.075 -0.025 -0.075)
(-0.025 -0.025 -0.075)
(0.025 -0.025 -0.075)
(0.075 -0.025 -0.075)
(0.125 -0.025 -0.075)
(-0.125 0.025 -0.075)
(-0.075 0.025 -0.075)
(-0.025 0.025 -0.075)
(0.025 0.025 -0.075)
(0.075 0.025 -0.075)
(0.125 0.025 -0.075)
(-0.125 0.075 -0.075)
(-0.075 0.075 -0.075)
(-0.025 0.075 -0.075)
(0.025 0.075 -0.075)
(0.075 0.075 -0.075)
(0.125 0.075 -0.075)
(-0.125 -0.075 -0.025)
(-0.075 -0.075 -0.025)
(-0.025 -0.075 -0.025)
(0.025 -0.075 -0.025)
(0.075 -0.075 -0.025)
(0.125 -0.075 -0.025)
(-0.125 -0.025 -0.025)
(-0.075 -0.025 -0.025)
(-0.025 -0.025 -0.025)
(0.025 -0.025 -0.025)
(0.075 -0.025 -0.025)
(0.125 -0.025 -0.025)
(-0.125 0.025 -0.025)
(-0.075 0.025 -0.025)
(-0.025 0.025 -0.025)
(0.025 0.025 -0.025)
(0.075 0.025 -0.025)
(0.125 0.025 -0.025)
(-0.125 0.075 -0.025)
(-0.075 0.075 -0.025)
(-0.025 0.075 -0.025)
(0.025 0.075 -0.025)
(0.075 0.075 -0.025)
(0.125 0.075 -0.025)
(-0.125 -0.075 0.025)
(-0.075 -0.075 0.025)
(-0.025 -0.075 0.025)
(0.025 -0.075 0.025)
(0.075 -0.075 0.025)
(0.125 -0.075 0.025)
(-0.125 -0.025 0.025)
(-0.075 -0.025 0.025)
(-0.025 -0.025 0.025)
(0.025 -0.025 0.025)
(0.075 -0.025 0.025)
(0.125 -0.025 0.025)
(-0.125 0.025 0.025)
(-0.075 0.025 0.025)
(-0.025 0.025 0.025)
(0.025 0.025 0.025)
(0.075 0.025 0.025)
(0.125 0.025 0.025)
(-0.125 0.075 0.025)
(-0.075 0.075 0.025)
(-0.025 0.075 0.025)
(0.025 0.075 0.025)
(0.075 0.075 0.025)
(0.125 0.075 0.025)
(-0.125 -0.075 0.075)
(-0.075 -0.075 0.075)
(-0.025 -0.075 0.075)
(0.025 -0.075 0.075)
(0.075 -0.075 0.075)
(0.125 -0.075 0.075)
(-0.125 -0.025 0.075)
(-0.075 -0.025 0.075)
(-0.025 -0.025 0.075)
(0.025 -0.025 0.075)
(0.075 -0.025 0.075)
(0.125 -0.025 0.075)
(-0.125 0.025 0.075)
(-0.075 0.025 0.075)
(-0.025 0.025 0.075)
(0.025 0.025 0.075)
(0.075 0.025 0.075)
(0.125 0.025 0.075)
(-0.125 0.075 0.075)
(-0.075 0.075 0.075)
(-0.025 0.075 0.075)
(0.025 0.075 0.075)
(0.075 0.075 0.075)
(0.125 0.075 0.075)
(-0.075 -0.075 0.125)
(-0.025 -0.075 0.125)
(0.025 -0.075 0.125)
(0.075 -0.075 0.125)
(-0.075 -0.025 0.125)
(-0.025 -0.025 0.125)
(0.025 -0.025 0.125)
(0.075 -0.025 0.125)
(-0.075 0.025 0.125)
(-0.025 0.025 0.125)
(0.025 0.025 0.125)
(0.075 0.025 0.125)
(-0.075 0.075 0.125)
(-0.025 0.075 0.125)
(0.025 0.075 0.125)
(0.075 0.075 0.125)
(-0.05 -0.05 -0.125)
(0 -0.05 -0.125)
(0.05 -0.05 -0.125)
(-0.05 -4.62593e-18 -0.125)
(0 0 -0.125)
(0.05 0 -0.125)
(-0.05 0.05 -0.125)
(0 0.05 -0.125)
(0.05 0.05 -0.125)
(-0.05 -0.075 -0.1)
(0 -0.075 -0.1)
(0.05 -0.075 -0.1)
(-0.075 -0.05 -0.1)
(-0.1 -0.05 -0.075)
(-0.025 -0.05 -0.1)
(-0.05 -0.025 -0.1)
(-0.05 -0.05 -0.075)
(0.025 -0.05 -0.1)
(0 -0.025 -0.1)
(0 -0.05 -0.075)
(0.075 -0.05 -0.1)
(0.05 -0.025 -0.1)
(0.05 -0.05 -0.075)
(0.1 -0.05 -0.075)
(-0.075 4.62593e-18 -0.1)
(-0.1 0 -0.075)
(-0.025 0 -0.1)
(-0.05 0.025 -0.1)
(-0.05 0 -0.075)
(0.025 0 -0.1)
(0 0.025 -0.1)
(0 0 -0.075)
(0.075 2.31296e-18 -0.1)
(0.05 0.025 -0.1)
(0.05 0 -0.075)
(0.1 4.62593e-18 -0.075)
(-0.075 0.05 -0.1)
(-0.1 0.05 -0.075)
(-0.025 0.05 -0.1)
(-0.05 0.075 -0.1)
(-0.05 0.05 -0.075)
(0.025 0.05 -0.1)
(0 0.075 -0.1)
(0 0.05 -0.075)
(0.075 0.05 -0.1)
(0.05 0.075 -0.1)
(0.05 0.05 -0.075)
(0.1 0.05 -0.075)
(-0.1 -0.075 -0.05)
(-0.05 -0.075 -0.05)
(0 -0.075 -0.05)
(0.05 -0.075 -0.05)
(0.1 -0.075 -0.05)
(-0.125 -0.05 -0.05)
(-0.075 -0.05 -0.05)
(-0.1 -0.025 -0.05)
(-0.1 -0.05 -0.025)
(-0.025 -0.05 -0.05)
(-0.05 -0.025 -0.05)
(-0.05 -0.05 -0.025)
(0.025 -0.05 -0.05)
(0 -0.025 -0.05)
(0 -0.05 -0.025)
(0.075 -0.05 -0.05)
(0.05 -0.025 -0.05)
(0.05 -0.05 -0.025)
(0.125 -0.05 -0.05)
(0.1 -0.025 -0.05)
(0.1 -0.05 -0.025)
(-0.125 0 -0.05)
(-0.075 -4.62593e-18 -0.05)
(-0.1 0.025 -0.05)
(-0.1 -9.25186e-18 -0.025)
(-0.025 0 -0.05)
(-0.05 0.025 -0.05)
(-0.05 -4.62593e-18 -0.025)
(0.025 0 -0.05)
(0 0.025 -0.05)
(0 0 -0.025)
(0.075 2.31296e-18 -0.05)
(0.05 0.025 -0.05)
(0.05 0 -0.025)
(0.125 -2.31296e-18 -0.05)
(0.1 0.025 -0.05)
(0.1 4.62593e-18 -0.025)
(-0.125 0.05 -0.05)
(-0.075 0.05 -0.05)
(-0.1 0.075 -0.05)
(-0.1 0.05 -0.025)
(-0.025 0.05 -0.05)
(-0.05 0.075 -0.05)
(-0.05 0.05 -0.025)
(0.025 0.05 -0.05)
(0 0.075 -0.05)
(0 0.05 -0.025)
(0.075 0.05 -0.05)
(0.05 0.075 -0.05)
(0.05 0.05 -0.025)
(0.125 0.05 -0.05)
(0.1 0.075 -0.05)
(0.1 0.05 -0.025)
(-0.1 -0.075 0)
(-0.05 -0.075 0)
(0 -0.075 0)
(0.05 -0.075 0)
(0.1 -0.075 -1.38778e-17)
(-0.125 -0.05 -9.25186e-18)
(-0.075 -0.05 -4.62593e-18)
(-0.1 -0.025 -9.25186e-18)
(-0.1 -0.05 0.025)
(-0.025 -0.05 0)
(-0.05 -0.025 -4.62593e-18)
(-0.05 -0.05 0.025)
(0.025 -0.05 0)
(0 -0.025 0)
(0 -0.05 0.025)
(0.075 -0.05 -6.93889e-18)
(0.05 -0.025 0)
(0.05 -0.05 0.025)
(0.125 -0.05 -1.15648e-17)
(0.1 -0.025 -4.62593e-18)
(0.1 -0.05 0.025)
(-0.125 -4.62593e-18 -4.62593e-18)
(-0.075 -9.25186e-18 -9.25186e-18)
(-0.1 0.025 -9.25186e-18)
(-0.1 -9.25186e-18 0.025)
(-0.025 -4.62593e-18 -4.62593e-18)
(-0.05 0.025 -9.25186e-18)
(-0.05 -9.25186e-18 0.025)
(0.025 0 0)
(0 0.025 0)
(0 0 0.025)
(0.075 2.31296e-18 2.31296e-18)
(0.05 0.025 0)
(0.05 0 0.025)
(0.125 2.31296e-18 2.31296e-18)
(0.1 0.025 4.62593e-18)
(0.1 4.62593e-18 0.025)
(-0.125 0.05 -4.62593e-18)
(-0.075 0.05 -9.25186e-18)
(-0.1 0.075 -9.25186e-18)
(-0.1 0.05 0.025)
(-0.025 0.05 -4.62593e-18)
(-0.05 0.075 0)
(-0.05 0.05 0.025)
(0.025 0.05 0)
(0 0.075 0)
(0 0.05 0.025)
(0.075 0.05 2.31296e-18)
(0.05 0.075 0)
(0.05 0.05 0.025)
(0.125 0.05 2.31296e-18)
(0.1 0.075 4.62593e-18)
(0.1 0.05 0.025)
(-0.1 -0.075 0.05)
(-0.05 -0.075 0.05)
(0 -0.075 0.05)
(0.05 -0.075 0.05)
(0.1 -0.075 0.05)
(-0.125 -0.05 0.05)
(-0.075 -0.05 0.05)
(-0.1 -0.025 0.05)
(-0.1 -0.05 0.075)
(-0.025 -0.05 0.05)
(-0.05 -0.025 0.05)
(-0.05 -0.05 0.075)
(0.025 -0.05 0.05)
(0 -0.025 0.05)
(0 -0.05 0.075)
(0.075 -0.05 0.05)
(0.05 -0.025 0.05)
(0.05 -0.05 0.075)
(0.125 -0.05 0.05)
(0.1 -0.025 0.05)
(0.1 -0.05 0.075)
(-0.125 -4.62593e-18 0.05)
(-0.075 -9.25186e-18 0.05)
(-0.1 0.025 0.05)
(-0.1 -9.25186e-18 0.075)
(-0.025 -4.62593e-18 0.05)
(-0.05 0.025 0.05)
(-0.05 -9.25186e-18 0.075)
(0.025 0 0.05)
(0 0.025 0.05)
(0 0 0.075)
(0.075 2.31296e-18 0.05)
(0.05 0.025 0.05)
(0.05 0 0.075)
(0.125 2.31296e-18 0.05)
(0.1 0.025 0.05)
(0.1 4.62593e-18 0.075)
(-0.125 0.05 0.05)
(-0.075 0.05 0.05)
(-0.1 0.075 0.05)
(-0.1 0.05 0.075)
(-0.025 0.05 0.05)
(-0.05 0.075 0.05)
(-0.05 0.05 0.075)
(0.025 0.05 0.05)
(0 0.075 0.05)
(0 0.05 0.075)
(0.075 0.05 0.05)
(0.05 0.075 0.05)
(0.05 0.05 0.075)
(0.125 0.05 0.05)
(0.1 0.075 0.05)
(0.1 0.05 0.075)
(-0.05 -0.075 0.1)
(0 -0.075 0.1)
(0.05 -0.075 0.1)
(-0.075 -0.05 0.1)
(-0.025 -0.05 0.1)
(-0.05 -0.025 0.1)
(-0.05 -0.05 0.125)
(0.025 -0.05 0.1)
(0 -0.025 0.1)
(0 -0.05 0.125)
(0.075 -0.05 0.1)
(0.05 -0.025 0.1)
(0.05 -0.05 0.125)
(-0.075 -9.25186e-18 0.1)
(-0.025 -4.62593e-18 0.1)
(-0.05 0.025 0.1)
(-0.05 -9.25186e-18 0.125)
(0.025 0 0.1)
(0 0.025 0.1)
(0 0 0.125)
(0.075 2.31296e-18 0.1)
(0.05 0.025 0.1)
(0.05 0 0.125)
(-0.075 0.05 0.1)
(-0.025 0.05 0.1)
(-0.05 0.075 0.1)
(-0.05 0.05 0.125)
(0.025 0.05 0.1)
(0 0.075 0.1)
(0 0.05 0.125)
(0.075 0.05 0.1)
(0.05 0.075 0.1)
(0.05 0.05 0.125)
(-0.05 -0.075 -0.125)
(-0.075 -0.05 -0.125)
(-0.075 -0.075 -0.1)
(0 -0.075 -0.125)
(-0.025 -0.05 -0.125)
(-0.025 -0.075 -0.1)
(0.05 -0.075 -0.125)
(0.025 -0.05 -0.125)
(0.025 -0.075 -0.1)
(0.075 -0.05 -0.125)
(0.075 -0.075 -0.1)
(-0.05 -0.025 -0.125)
(-0.075 -2.31296e-18 -0.125)
(-0.075 -0.025 -0.1)
(0 -0.025 -0.125)
(-0.025 -2.31296e-18 -0.125)
(-0.025 -0.025 -0.1)
(0.05 -0.025 -0.125)
(0.025 0 -0.125)
(0.025 -0.025 -0.1)
(0.075 2.31296e-18 -0.125)
(0.075 -0.025 -0.1)
(-0.05 0.025 -0.125)
(-0.075 0.05 -0.125)
(-0.075 0.025 -0.1)
(0 0.025 -0.125)
(-0.025 0.05 -0.125)
(-0.025 0.025 -0.1)
(0.05 0.025 -0.125)
(0.025 0.05 -0.125)
(0.025 0.025 -0.1)
(0.075 0.05 -0.125)
(0.075 0.025 -0.1)
(-0.05 0.075 -0.125)
(-0.075 0.075 -0.1)
(0 0.075 -0.125)
(-0.025 0.075 -0.1)
(0.05 0.075 -0.125)
(0.025 0.075 -0.1)
(0.075 0.075 -0.1)
(-0.1 -0.075 -0.075)
(-0.125 -0.05 -0.075)
(-0.125 -0.075 -0.05)
(-0.05 -0.075 -0.075)
(-0.075 -0.05 -0.075)
(-0.075 -0.075 -0.05)
(0 -0.075 -0.075)
(-0.025 -0.05 -0.075)
(-0.025 -0.075 -0.05)
(0.05 -0.075 -0.075)
(0.025 -0.05 -0.075)
(0.025 -0.075 -0.05)
(0.1 -0.075 -0.075)
(0.075 -0.05 -0.075)
(0.075 -0.075 -0.05)
(0.125 -0.05 -0.075)
(0.125 -0.075 -0.05)
(-0.1 -0.025 -0.075)
(-0.125 2.31296e-18 -0.075)
(-0.125 -0.025 -0.05)
(-0.05 -0.025 -0.075)
(-0.075 -4.01235e-34 -0.075)
(-0.075 -0.025 -0.05)
(0 -0.025 -0.075)
(-0.025 0 -0.075)
(-0.025 -0.025 -0.05)
(0.05 -0.025 -0.075)
(0.025 0 -0.075)
(0.025 -0.025 -0.05)
(0.1 -0.025 -0.075)
(0.075 2.31296e-18 -0.075)
(0.075 -0.025 -0.05)
(0.125 -2.49999e-28 -0.075)
(0.125 -0.025 -0.05)
(-0.1 0.025 -0.075)
(-0.125 0.05 -0.075)
(-0.125 0.025 -0.05)
(-0.05 0.025 -0.075)
(-0.075 0.05 -0.075)
(-0.075 0.025 -0.05)
(0 0.025 -0.075)
(-0.025 0.05 -0.075)
(-0.025 0.025 -0.05)
(0.05 0.025 -0.075)
(0.025 0.05 -0.075)
(0.025 0.025 -0.05)
(0.1 0.025 -0.075)
(0.075 0.05 -0.075)
(0.075 0.025 -0.05)
(0.125 0.05 -0.075)
(0.125 0.025 -0.05)
(-0.1 0.075 -0.075)
(-0.125 0.075 -0.05)
(-0.05 0.075 -0.075)
(-0.075 0.075 -0.05)
(0 0.075 -0.075)
(-0.025 0.075 -0.05)
(0.05 0.075 -0.075)
(0.025 0.075 -0.05)
(0.1 0.075 -0.075)
(0.075 0.075 -0.05)
(0.125 0.075 -0.05)
(-0.1 -0.075 -0.025)
(-0.125 -0.05 -0.025)
(-0.125 -0.075 -2.31296e-18)
(-0.05 -0.075 -0.025)
(-0.075 -0.05 -0.025)
(-0.075 -0.075 1.7554e-34)
(0 -0.075 -0.025)
(-0.025 -0.05 -0.025)
(-0.025 -0.075 0)
(0.05 -0.075 -0.025)
(0.025 -0.05 -0.025)
(0.025 -0.075 0)
(0.1 -0.075 -0.025)
(0.075 -0.05 -0.025)
(0.075 -0.075 -6.93889e-18)
(0.125 -0.05 -0.025)
(0.125 -0.075 -9.25186e-18)
(-0.1 -0.025 -0.025)
(-0.125 -2.31296e-18 -0.025)
(-0.125 -0.025 -6.93889e-18)
(-0.05 -0.025 -0.025)
(-0.075 -6.93889e-18 -0.025)
(-0.075 -0.025 -6.93889e-18)
(0 -0.025 -0.025)
(-0.025 -2.31296e-18 -0.025)
(-0.025 -0.025 -2.31296e-18)
(0.05 -0.025 -0.025)
(0.025 0 -0.025)
(0.025 -0.025 0)
(0.1 -0.025 -0.025)
(0.075 2.31296e-18 -0.025)
(0.075 -0.025 -2.31296e-18)
(0.125 -2.49999e-28 -0.025)
(0.125 -0.025 -4.62593e-18)
(-0.1 0.025 -0.025)
(-0.125 0.05 -0.025)
(-0.125 0.025 -4.62593e-18)
(-0.05 0.025 -0.025)
(-0.075 0.05 -0.025)
(-0.075 0.025 -9.25186e-18)
(0 0.025 -0.025)
(-0.025 0.05 -0.025)
(-0.025 0.025 -4.62593e-18)
(0.05 0.025 -0.025)
(0.025 0.05 -0.025)
(0.025 0.025 0)
(0.1 0.025 -0.025)
(0.075 0.05 -0.025)
(0.075 0.025 2.31296e-18)
(0.125 0.05 -0.025)
(0.125 0.025 2.31296e-18)
(-0.1 0.075 -0.025)
(-0.125 0.075 -4.62593e-18)
(-0.05 0.075 -0.025)
(-0.075 0.075 -4.62593e-18)
(0 0.075 -0.025)
(-0.025 0.075 1.25386e-34)
(0.05 0.075 -0.025)
(0.025 0.075 0)
(0.1 0.075 -0.025)
(0.075 0.075 2.31296e-18)
(0.125 0.075 2.31296e-18)
(-0.1 -0.075 0.025)
(-0.125 -0.05 0.025)
(-0.125 -0.075 0.05)
(-0.05 -0.075 0.025)
(-0.075 -0.05 0.025)
(-0.075 -0.075 0.05)
(0 -0.075 0.025)
(-0.025 -0.05 0.025)
(-0.025 -0.075 0.05)
(0.05 -0.075 0.025)
(0.025 -0.05 0.025)
(0.025 -0.075 0.05)
(0.1 -0.075 0.025)
(0.075 -0.05 0.025)
(0.075 -0.075 0.05)
(0.125 -0.05 0.025)
(0.125 -0.075 0.05)
(-0.1 -0.025 0.025)
(-0.125 -4.62593e-18 0.025)
(-0.125 -0.025 0.05)
(-0.05 -0.025 0.025)
(-0.075 -9.25186e-18 0.025)
(-0.075 -0.025 0.05)
(0 -0.025 0.025)
(-0.025 -4.62593e-18 0.025)
(-0.025 -0.025 0.05)
(0.05 -0.025 0.025)
(0.025 0 0.025)
(0.025 -0.025 0.05)
(0.1 -0.025 0.025)
(0.075 2.31296e-18 0.025)
(0.075 -0.025 0.05)
(0.125 2.31296e-18 0.025)
(0.125 -0.025 0.05)
(-0.1 0.025 0.025)
(-0.125 0.05 0.025)
(-0.125 0.025 0.05)
(-0.05 0.025 0.025)
(-0.075 0.05 0.025)
(-0.075 0.025 0.05)
(0 0.025 0.025)
(-0.025 0.05 0.025)
(-0.025 0.025 0.05)
(0.05 0.025 0.025)
(0.025 0.05 0.025)
(0.025 0.025 0.05)
(0.1 0.025 0.025)
(0.075 0.05 0.025)
(0.075 0.025 0.05)
(0.125 0.05 0.025)
(0.125 0.025 0.05)
(-0.1 0.075 0.025)
(-0.125 0.075 0.05)
(-0.05 0.075 0.025)
(-0.075 0.075 0.05)
(0 0.075 0.025)
(-0.025 0.075 0.05)
(0.05 0.075 0.025)
(0.025 0.075 0.05)
(0.1 0.075 0.025)
(0.075 0.075 0.05)
(0.125 0.075 0.05)
(-0.1 -0.075 0.075)
(-0.125 -0.05 0.075)
(-0.05 -0.075 0.075)
(-0.075 -0.05 0.075)
(-0.075 -0.075 0.1)
(0 -0.075 0.075)
(-0.025 -0.05 0.075)
(-0.025 -0.075 0.1)
(0.05 -0.075 0.075)
(0.025 -0.05 0.075)
(0.025 -0.075 0.1)
(0.1 -0.075 0.075)
(0.075 -0.05 0.075)
(0.075 -0.075 0.1)
(0.125 -0.05 0.075)
(-0.1 -0.025 0.075)
(-0.125 -4.62593e-18 0.075)
(-0.05 -0.025 0.075)
(-0.075 -9.25186e-18 0.075)
(-0.075 -0.025 0.1)
(0 -0.025 0.075)
(-0.025 -4.62593e-18 0.075)
(-0.025 -0.025 0.1)
(0.05 -0.025 0.075)
(0.025 0 0.075)
(0.025 -0.025 0.1)
(0.1 -0.025 0.075)
(0.075 2.31296e-18 0.075)
(0.075 -0.025 0.1)
(0.125 2.31296e-18 0.075)
(-0.1 0.025 0.075)
(-0.125 0.05 0.075)
(-0.05 0.025 0.075)
(-0.075 0.05 0.075)
(-0.075 0.025 0.1)
(0 0.025 0.075)
(-0.025 0.05 0.075)
(-0.025 0.025 0.1)
(0.05 0.025 0.075)
(0.025 0.05 0.075)
(0.025 0.025 0.1)
(0.1 0.025 0.075)
(0.075 0.05 0.075)
(0.075 0.025 0.1)
(0.125 0.05 0.075)
(-0.1 0.075 0.075)
(-0.05 0.075 0.075)
(-0.075 0.075 0.1)
(0 0.075 0.075)
(-0.025 0.075 0.1)
(0.05 0.075 0.075)
(0.025 0.075 0.1)
(0.1 0.075 0.075)
(0.075 0.075 0.1)
(-0.05 -0.075 0.125)
(-0.075 -0.05 0.125)
(0 -0.075 0.125)
(-0.025 -0.05 0.125)
(0.05 -0.075 0.125)
(0.025 -0.05 0.125)
(0.075 -0.05 0.125)
(-0.05 -0.025 0.125)
(-0.075 -9.25186e-18 0.125)
(0 -0.025 0.125)
(-0.025 -4.62593e-18 0.125)
(0.05 -0.025 0.125)
(0.025 0 0.125)
(0.075 2.31296e-18 0.125)
(-0.05 0.025 0.125)
(-0.075 0.05 0.125)
(0 0.025 0.125)
(-0.025 0.05 0.125)
(0.05 0.025 0.125)
(0.025 0.05 0.125)
(0.075 0.05 0.125)
(-0.05 0.075 0.125)
(0 0.075 0.125)
(0.05 0.075 0.125)
)


// ************************************************************************* //
