/*--------------------------------*- C++ -*----------------------------------*\
| =========                 |                                                 |
| \\      /  F ield         | OpenFOAM: The Open Source CFD Toolbox           |
|  \\    /   O peration     | Version:  2506                                  |
|   \\  /    A nd           | Website:  www.openfoam.com                      |
|    \\/     M anipulation  |                                                 |
\*---------------------------------------------------------------------------*/
FoamFile
{
    version     2.0;
    format      ascii;
    arch        "LSB;label=32;scalar=64";
    class       regIOobject;
    location    "1/polyMesh";
    object      faceZones;
    meta
    {
        names           1 ( fan-block-new );
    }
}
// * * * * * * * * * * * * * * * * * * * * * * * * * * * * * * * * * * * * * //

1
(fan-block-new
{
    type            faceZone;
    faceLabels      List<label> 
1231
(
16147
16150
16260
16266
16288
16294
16300
16370
16409
16497
16500
16517
16608
16614
16619
16622
16714
16721
16724
16732
16830
16837
16852
16924
16963
17034
17041
17061
17068
17074
17435
17437
17438
17440
17443
17447
17452
17459
17465
17471
17478
17481
17549
17564
17565
17570
17576
17583
17585
17595
17662
17668
17673
17703
17704
17711
17777
17783
17784
17797
17798
17801
17807
17809
17826
17827
17828
17893
17899
17911
17928
17930
17942
18009
18015
18027
18046
18047
18058
18125
18131
18133
18142
18143
18150
18156
18157
18172
18173
18174
18242
18252
18254
18284
18285
18290
18356
18364
18371
18375
18377
18383
18389
18392
18393
18395
18401
18406
18407
18778
18780
18781
18783
18786
18791
18795
18802
18808
18814
18820
18824
18888
18904
18905
18910
18916
18923
18925
18935
19008
19013
19018
19048
19049
19056
19121
19127
19128
19141
19142
19145
19151
19153
19170
19171
19172
19238
19244
19256
19273
19275
19287
19354
19360
19372
19391
19392
19403
19470
19476
19478
19487
19488
19495
19501
19502
19517
19518
19519
19595
19605
19607
19637
19638
19643
19708
19716
19723
19727
19729
19735
19741
19744
19745
19747
19753
19758
19759
20125
20127
20128
20130
20136
20141
20145
20152
20158
20164
20170
20174
20238
20254
20255
20260
20266
20273
20275
20285
20354
20359
20364
20394
20395
20402
20467
20473
20474
20487
20488
20491
20497
20499
20516
20517
20518
20584
20590
20602
20619
20621
20633
20700
20706
20718
20737
20738
20749
20816
20822
20824
20833
20834
20841
20847
20848
20863
20864
20865
20937
20947
20949
20979
20980
20985
21050
21058
21065
21069
21071
21077
21083
21086
21087
21089
21095
21100
21101
21467
21468
21481
21482
21580
21582
21590
21594
21617
21623
21629
21697
21699
21706
21747
21840
21846
21864
21952
21959
21964
21970
22081
22087
22093
22099
22215
22221
22238
22310
22382
22458
22464
22485
22491
22497
43308
43318
43321
43324
43329
43333
43335
43344
43347
43349
43354
43357
43359
43368
43371
43373
43378
43381
43383
43395
43397
43417
43432
43434
43438
43448
43449
43452
43453
43513
43521
43528
43532
43533
43539
43561
43570
43577
43584
43593
43601
43607
43608
43643
43654
43664
43672
43675
43693
43698
43706
43709
43712
43719
43725
43732
43737
43747
43752
43755
43760
43763
43767
43798
43809
43822
43823
43854
43861
43864
43866
43872
43894
43912
43923
43930
43931
43935
43944
43949
43952
43956
43958
43962
43986
43989
43994
43998
43999
44001
44005
44055
44062
44067
44097
44104
44109
44118
44123
44126
44130
44132
44136
44167
44173
44178
44197
44210
44211
44223
44224
44236
44237
44271
44278
44283
44284
44292
44300
44304
44306
44316
44320
44324
44328
44331
44334
44345
44348
44358
44370
44372
44392
44393
44411
44412
44418
44424
44425
44430
44437
44442
44463
44476
44481
44484
44490
44494
44567
44568
44578
44580
44581
44593
44594
44607
44614
44619
44625
44637
44639
44649
44660
44661
44662
44670
44681
44682
44691
44702
44703
44712
44723
44724
44725
44733
44744
44745
44754
44765
44766
44785
44786
44817
44825
44827
44830
44835
44839
44841
44848
44850
44852
44857
44860
44862
44869
44871
44873
44878
44881
44883
44892
44894
44912
44926
44928
44931
44939
44940
44943
44944
44995
45003
45008
45011
45012
45018
45037
45045
45050
45057
45065
45071
45077
45078
45108
45118
45126
45133
45136
45151
45156
45162
45164
45167
45174
45179
45184
45189
45198
45202
45204
45209
45212
45216
45242
45252
45262
45263
45291
45296
45298
45300
45306
45325
45340
45350
45355
45356
45360
45368
45372
45374
45378
45380
45384
45405
45407
45411
45414
45415
45417
45421
45464
45469
45474
45500
45505
45510
45518
45522
45524
45528
45530
45534
45560
45565
45570
45586
45597
45598
45609
45610
45619
45620
45650
45655
45660
45661
45668
45674
45678
45680
45689
45692
45695
45699
45702
45705
45713
45716
45726
45735
45737
45754
45755
45771
45772
45777
45783
45784
45788
45793
45798
45816
45828
45832
45834
45840
45844
45906
45907
45916
45918
45919
45928
45929
45941
45946
45951
45957
45966
45968
45978
45986
45987
45988
45996
46004
46005
46014
46022
46023
46032
46040
46041
46042
46050
46058
46059
46068
46076
46077
46093
46094
46122
46130
46132
46135
46140
46142
46144
46145
46146
46153
46155
46157
46162
46163
46165
46166
46167
46174
46176
46178
46183
46184
46186
46187
46188
46197
46199
46205
46207
46217
46225
46229
46231
46232
46233
46236
46244
46245
46247
46248
46249
46250
46300
46308
46313
46316
46317
46319
46323
46340
46342
46343
46346
46350
46355
46362
46364
46370
46376
46382
46383
46385
46413
46423
46431
46438
46441
46456
46461
46467
46469
46472
46474
46479
46484
46489
46494
46496
46503
46507
46509
46514
46516
46517
46521
46523
46547
46557
46567
46568
46571
46574
46577
46589
46592
46595
46596
46601
46603
46605
46610
46611
46613
46630
46645
46655
46660
46661
46665
46673
46677
46679
46683
46684
46685
46689
46691
46710
46712
46716
46719
46720
46722
46726
46727
46738
46742
46744
46759
46763
46766
46769
46774
46779
46781
46802
46807
46812
46820
46824
46826
46830
46831
46832
46836
46838
46862
46867
46872
46886
46888
46889
46892
46899
46900
46906
46910
46911
46912
46913
46921
46922
46949
46954
46959
46960
46967
46973
46977
46978
46979
46985
46988
46991
46994
46998
47000
47001
47004
47012
47015
47017
47025
47034
47036
47039
47053
47054
47070
47071
47076
47082
47083
47087
47092
47097
47099
47115
47116
47120
47123
47127
47131
47133
47139
47141
47143
47196
47197
47206
47208
47209
47218
47219
47222
47225
47228
47231
47236
47241
47243
47247
47256
47258
47260
47268
47276
47277
47278
47279
47286
47294
47295
47304
47312
47313
47322
47330
47331
47332
47340
47348
47349
47351
47358
47366
47367
47369
47383
47384
47414
47417
47422
47425
47434
47438
47449
47451
47452
47454
47458
47469
47470
47471
47476
47479
47483
47485
47496
47504
47510
47516
47525
47532
47537
47539
47541
47545
47555
47558
47563
47569
47575
47579
47584
47588
47591
47595
47596
47600
47604
47612
47615
47619
47621
47623
47629
47642
47643
47644
47647
47660
47668
47669
47671
47675
47677
47680
47682
47699
47706
47708
47713
47726
47731
47737
47740
47743
47749
47753
47754
47758
47762
47765
47779
47780
47791
47792
47807
47812
47813
47818
47825
47829
47834
47836
47846
47853
47858
47860
47863
47873
47876
47884
47895
47897
47914
47915
47926
47933
47935
47938
47940
47944
47947
47950
47958
47969
47976
47981
47983
47986
47990
47993
47997
47998
48003
48006
48013
48019
48023
48028
48039
48041
48049
48059
48060
48061
48075
48077
48093
48095
48111
48113
48114
48121
48132
48133
48134
48136
48142
48152
48153
48169
48170
48181
48189
48196
48201
48212
48216
48228
48234
48241
48246
48254
48258
48270
48276
48283
48284
48288
48296
48300
48301
48521
48524
48528
48531
48545
48547
48552
48554
48558
48559
48566
48569
48573
48576
48579
48581
48587
48589
48593
48595
48608
48614
48619
48622
48626
48629
48670
48677
48680
48687
48736
48742
48746
48750
48751
48754
48808
48815
48818
48824
48825
48827
48829
48835
48838
48843
48850
48859
48862
48867
48875
48878
48888
48892
48899
48905
48909
48914
49563
49564
49566
49567
49575
49576
49579
49580
49582
49583
49600
49603
49604
49608
49663
49664
49705
49707
49708
49732
49735
49737
49740
49741
49742
49756
49758
49759
49774
49776
49777
49849
49851
49852
50265
50271
50272
50277
50283
50284
50306
50309
50313
50775
50782
50783
50790
50796
50797
50802
50808
50809
50831
50835
50839
50861
50864
50868
51056
51059
51063
51273
51280
51281
51285
51291
51292
51294
51300
51301
51304
51305
51320
51324
51327
51344
51347
51350
51423
51426
51428
51461
51463
51464
51524
51527
51530
51531
51533
)
;
    flipMap         List<bool> 
1231
(
1
1
1
1
1
1
1
1
1
1
1
1
1
1
1
1
1
1
1
1
1
1
1
1
1
1
1
1
1
1
1
1
1
1
1
1
1
1
1
1
1
1
1
1
1
1
1
0
0
0
1
0
1
1
1
0
1
1
1
1
1
0
0
0
0
0
0
1
1
0
0
0
1
1
1
0
0
0
1
1
1
1
1
1
0
0
0
0
0
0
1
1
1
1
1
0
1
0
0
1
1
1
1
0
0
0
0
0
0
1
1
1
1
1
1
1
1
1
1
1
1
1
1
1
1
1
0
0
0
1
0
1
1
1
0
1
1
1
1
1
0
0
0
0
0
0
1
1
0
0
0
1
1
1
0
0
0
1
1
1
1
1
1
0
0
0
0
0
0
1
1
1
1
1
0
1
0
0
1
1
1
1
0
0
0
0
0
0
1
1
1
1
1
1
1
1
1
1
1
1
1
1
1
1
1
0
0
0
1
0
1
1
1
0
1
1
1
1
1
0
0
0
0
0
0
1
1
0
0
0
1
1
1
0
0
0
1
1
1
1
1
1
0
0
0
0
0
0
1
1
1
1
1
0
1
0
0
1
1
1
1
0
0
0
0
0
0
1
1
1
1
1
1
1
1
1
1
1
1
1
1
1
1
1
1
1
1
1
1
1
1
1
1
1
1
1
1
1
1
1
1
1
1
1
0
1
1
0
0
1
0
1
1
0
0
1
0
1
1
0
0
1
1
1
0
0
0
0
0
0
0
0
1
0
1
0
0
1
0
0
0
0
0
0
0
0
1
1
1
1
1
1
0
1
1
0
1
0
0
0
1
0
1
0
1
0
1
1
1
1
1
0
0
1
0
1
1
1
0
0
1
1
0
1
0
1
0
1
1
0
1
1
1
0
0
0
0
1
1
1
1
0
1
0
1
0
1
1
1
0
0
0
0
0
0
0
1
1
1
1
1
1
0
1
0
1
1
0
1
0
1
0
0
0
0
0
0
1
1
1
1
1
0
0
0
0
0
1
1
0
1
1
1
1
1
1
1
1
0
0
0
0
0
0
0
0
0
0
1
1
1
1
1
1
1
1
1
1
0
0
0
0
0
0
0
0
1
0
1
1
0
0
1
0
1
1
0
0
1
0
1
1
0
0
1
1
1
0
0
0
0
0
0
0
0
1
0
1
0
0
1
0
0
0
0
0
0
0
0
1
1
1
1
1
1
0
1
1
0
1
0
0
0
1
0
1
0
1
0
1
1
1
1
1
0
0
1
0
1
1
1
0
0
1
1
0
1
0
1
0
1
1
0
1
1
1
0
0
0
0
1
1
1
1
0
1
0
1
0
1
1
1
0
0
0
0
0
0
0
1
1
1
1
1
1
0
1
0
1
1
0
1
0
1
0
0
0
0
0
0
1
1
1
1
1
0
0
0
0
0
1
1
0
1
1
1
1
1
1
1
1
0
0
0
0
0
0
0
0
0
0
1
1
1
1
1
1
1
1
1
1
0
0
0
0
0
0
0
0
1
0
1
1
0
0
0
0
1
0
1
1
0
0
0
0
1
0
1
1
0
0
0
0
1
1
1
0
0
0
0
0
0
0
0
0
0
0
0
0
0
0
1
0
1
0
0
0
1
0
0
0
0
0
0
0
0
0
0
0
0
0
1
1
1
1
1
1
0
1
1
0
0
1
0
0
0
0
1
0
1
0
0
1
0
0
1
1
1
1
0
0
0
0
0
0
1
0
0
1
0
0
0
1
1
1
0
0
1
1
0
1
0
0
1
0
0
1
1
0
1
1
1
0
0
0
0
0
0
0
0
0
0
0
0
1
1
1
1
0
1
0
0
1
0
0
1
1
1
0
0
0
0
0
0
0
0
0
0
0
0
0
1
1
1
1
1
1
0
0
1
0
0
1
1
0
0
1
0
1
0
0
0
0
0
0
0
0
1
1
1
1
1
0
0
0
0
0
0
0
0
0
1
1
0
0
1
1
1
1
1
1
1
1
0
0
0
0
0
0
0
0
0
0
0
0
0
0
0
0
1
1
1
1
1
1
1
1
1
1
0
0
0
0
0
0
0
0
0
0
1
1
1
1
1
1
0
0
0
0
1
0
0
0
1
1
1
1
0
1
0
0
1
0
1
0
0
1
1
0
1
1
0
0
1
1
1
1
1
0
0
1
1
0
0
1
0
0
0
0
1
1
1
1
1
0
1
1
1
1
0
0
0
1
1
1
1
1
0
0
0
1
1
1
0
0
0
0
1
1
1
1
1
1
0
1
1
1
0
1
1
1
0
1
0
0
0
0
1
0
0
0
0
1
1
1
0
1
1
0
1
1
1
1
1
1
0
0
1
0
0
1
0
0
1
0
0
0
1
1
1
1
1
1
1
1
0
0
0
0
1
0
0
0
0
0
1
0
0
1
0
0
1
0
0
1
0
0
1
0
0
0
1
0
0
1
1
1
1
1
1
1
1
0
0
1
1
1
1
0
0
1
1
1
1
1
1
0
1
1
1
1
1
1
1
1
1
1
0
1
0
1
1
1
0
1
0
1
1
1
1
1
1
0
1
1
1
1
1
1
1
1
1
1
1
1
1
1
1
1
1
0
0
1
1
1
1
1
1
1
1
1
1
1
1
0
1
0
1
1
1
1
1
1
1
1
1
1
1
1
1
1
1
1
1
1
1
1
1
1
1
1
1
1
1
1
1
1
1
1
1
1
1
1
1
1
1
1
1
1
1
1
1
0
0
1
1
1
1
1
1
0
0
0
0
0
0
1
1
0
1
0
)
;
}
)

// ************************************************************************* //
